0.0	0.0	0.06518763182903377	-0.0724301895067056	0.4859522672302868	-0.03050066052297802	0.05828788581312057	-0.9978337738340439	-3.341543815154387	1.7508078030266725
0.0	0.0	0.06466084466312705	-0.07204125101031583	0.48653074380401423	-0.01981824964641596	0.05022749041557667	-0.998541117187589	-2.8790346212264075	1.1370117684492869
0.0	0.0	0.06672210238799965	-0.07279128731152025	0.48730310978769076	-0.04327256680847086	0.06310185124359861	-0.997068476064472	-3.6178734377412067	2.4850655886454738
0.0	0.0	0.06709585244430076	-0.07241413584609278	0.487441586197507	-0.040772576612067374	0.06241927083256414	-0.9972168971664921	-3.578687209009825	2.3413122295415425
0.0	0.0	0.09294910236798033	-0.0697981805164509	0.48068884627765013	-0.11365340333563943	0.1339198731246383	-0.9844533428768385	-7.696166032508971	6.585542013607325
0.0	0.0	0.13748183217804888	-0.06953488246595614	0.4975247669685487	-0.15669990729740385	0.08620166002802293	-0.9838772125669314	-4.9451285661333095	9.049364505099618
0.0	0.0	0.1465501244772547	-0.0692896487799554	0.49749440838333747	-0.12081440163728499	0.10898743633320399	-0.9866739831888338	-6.256949012520307	6.980896024081316
0.0	0.0	0.14924734671150977	-0.07183557253277506	0.5096208649315183	-0.09034835655612117	0.1062102781926233	-0.9902305457543438	-6.0969003383551925	5.213216655277345
0.0	0.0	0.14148006081422249	-0.07771393104112621	0.502295812613929	-0.11467174335486618	0.15180696469744237	-0.9817357114234628	-8.731657349529018	6.662250369611798
0.0	0.0	0.13191387905708493	-0.0869997136644981	0.5004972911055675	-0.02783391927284659	0.1637267535245363	-0.9861129661368669	-9.42327698139925	1.6167952774702954
0.0	0.0	0.13086352176887295	-0.09114802682800562	0.5034967932888454	-0.06597013697188456	0.16839292072544382	-0.9835099453770271	-9.6943932040786	3.8374364802023955
0.0	0.0	0.1253272095961339	-0.08368601233253964	0.5025026361831013	-0.09732261763580044	0.1295947841948398	-0.9867793625742773	-7.446177080503327	5.632667313919167
0.0	0.0	0.1287543061372026	-0.08947458212443855	0.5212167835466095	-0.09236980524170246	0.11972352522642474	-0.988500949786428	-6.876146709233957	5.338463322820408
0.0	0.0	0.10000246803023709	-0.08608600070795513	0.4948212805484448	-0.05385329938755373	0.12509422894229383	-0.9906821833456765	-7.186197414603419	3.111525496757857
0.0	0.0	0.09315528991112382	-0.08459572880137789	0.4886205676038624	-0.10036689112067283	0.13228647965015156	-0.9861169980889053	-7.601739277332076	5.8115463856041165
0.0	0.0	0.09272892820041866	-0.08547378010629776	0.502041093337972	-0.10194862056095112	0.10516625378417585	-0.9892151363054774	-6.0367452331878315	5.884135448604975
0.0	0.0	0.08310394189592689	-0.07983695186959334	0.48796659087348687	-0.05121738640817808	0.10701140700857972	-0.9929377194551663	-6.143064738691206	2.9527950800371383
0.0	0.0	0.08069525596494051	-0.07705055062409219	0.48557688396179205	-0.030624545324484304	0.11287952817638108	-0.9931366161761038	-6.481334541304272	1.7662236338917756
0.0	0.0	0.08116410200144265	-0.07794591756389398	0.48868620899796583	-0.026800739209067642	0.10810994687476812	-0.9937776249839795	-6.206373725672025	1.5448095165385385
0.0	0.0	0.06717140989125983	-0.06672194984844894	0.456778855042405	-0.2300539724062896	0.09381135512081908	-0.9686457877900166	-5.382909941907755	13.360251917176008
0.0	0.0	0.05267571070114308	-0.06922769669147082	0.4638206606561393	-0.2282913352963833	0.11383221245436523	-0.966915349664772	-6.536273443210311	13.284410603783629
0.0	0.0	0.05219701581792437	-0.06639681780136882	0.490893797554482	-0.16447113347258224	0.18027873627413651	-0.9697674334693763	-10.385995821042384	9.625687531466532
0.0	0.0	0.05285981821556753	-0.07749181797003978	0.4735654946603336	-0.24672971394351328	0.08245087630236751	-0.9655704357470158	-4.729456176627684	14.33392172313773
0.0	0.0	0.05465636190843159	-0.08076438453439914	0.47891323487298454	-0.2300076450896597	0.04981264073739909	-0.9719131220192426	-2.85523569417564	13.314354513132425
0.0	0.0	0.05473482030836585	-0.08013905966828964	0.47307773286941446	-0.21951051475225475	0.06307757595224314	-0.9735688728746861	-3.616479789657552	12.706009030834878
0.0	0.0	0.06038921266411141	-0.08460315250625915	0.4936150836942968	-0.2119912141430958	0.062179367315176315	-0.975291521000658	-3.564914997567547	12.263164779796456
0.0	0.0	0.05667260335232429	-0.08397669447750251	0.4864345007265875	-0.21437782289318918	0.058337325930845146	-0.9750071322121521	-3.3443813536732705	12.400482173539647
0.0	0.0	0.06116665566741253	-0.08410784139624083	0.48393195767080693	-0.05696736627500745	0.0426094703098559	-0.9974663400634488	-2.4420821571401343	3.268729621426295
0.0	0.0	0.06752712528596205	-0.08332787926211246	0.48229721440231327	-0.08356567081997429	0.08064620133074456	-0.9932336094556583	-4.625710364177799	4.809251769427954
0.0	0.0	0.07464402789375389	-0.08442941023014454	0.4893044030987794	-0.1151552232017538	0.07971955083417975	-0.9901434342697034	-4.572445696492349	6.63378585538628
0.0	0.0	0.08009661532480866	-0.08502187451521255	0.48694992288183264	-0.07308300301763075	0.11416623970011738	-0.9907698273873228	-6.555537379439523	4.218717211558457
0.0	0.0	0.09335590186667152	-0.08913721879704517	0.5243135256366876	0.0076185419484828265	0.06453890198770265	-0.9978861484986705	-3.700378582362975	-0.4374264734410698
0.0	0.0	0.09297731586685011	-0.08328897270065298	0.488160160989354	-0.08841895005960354	0.15528314858206974	-0.9839051517685318	-8.933218305937105	5.135109800089584
0.0	0.0	0.09622172751599352	-0.08254718825288364	0.4932449130115539	-0.01646897601791253	0.156427566172659	-0.987552167196263	-8.999599797061077	0.9554081194311104
0.0	0.0	0.14372764023681017	-0.06099676602402195	0.4217905699597722	-0.18065316199165554	0.24927675539824334	-0.9514334139337586	-14.434718434346859	10.751039530431735
0.0	0.0	0.17852522191637685	-0.07668438232044171	0.49962523383511304	-0.2486279906181743	0.20062841060936415	-0.9475929469636412	-11.573709171785097	14.701789594239072
0.0	0.0	0.19337259927470066	-0.07317705957550596	0.5055999615639074	-0.22560238031616545	0.2048398943381308	-0.9524411458766284	-11.820126778553728	13.32591053178791
0.0	0.0	0.19968129606415105	-0.08476427578997203	0.5154717796869815	-0.2146864445165512	0.2307898520098438	-0.9490235584376109	-13.343578085567529	12.74680309892698
0.0	0.0	0.19854905881656282	-0.05497327808650652	0.5142781757148177	-0.11733180247927691	0.14369935619171934	-0.9826412130429955	-8.261969039608044	6.809136894092828
0.0	0.0	0.1913243150159589	-0.050860724479385555	0.48985389455009826	-0.1365265537110189	0.1724942448275961	-0.9755030204336377	-9.93287149917225	7.967083273038815
0.0	0.0	0.17874274172703364	-0.027138801917587423	0.5031427777940822	-0.08379601074225751	0.04302291649281014	-0.9955537324939505	-2.4657926219440585	4.811259711875037
0.0	0.0	0.18142976632013472	-0.02527881196460578	0.5144494027368061	-0.09745534510336032	0.10830982394553607	-0.989328759293436	-6.217893481461462	5.6258584793907085
0.0	0.0	0.16853538713106	-0.026055964704364165	0.4943355982677711	-0.058870945729344704	0.08429586293957161	-0.9947001918505569	-4.835535467416406	3.387077441797949
0.0	0.0	0.13680396169537332	-0.025549770332608704	0.463524260471462	-0.019786875718972585	0.129654966123339	-0.9913617198011041	-7.449654590394708	1.1434312380007519
0.0	0.0	0.0998144464322674	-0.027896255497338002	0.4613602701840784	-0.008598039994275136	0.04706805895535489	-0.9988546637074658	-2.697797871866573	0.4931840986182425
0.0	0.0	0.08667691953203838	-0.029361142855728467	0.4526695507753182	0.0071570931249820835	0.04846077541612082	-0.9987994972926448	-2.77768583545101	-0.4105570860843225
0.0	0.0	0.06468602660613394	-0.03035221135194488	0.4488821836637871	0.005780621425301363	0.03354404321548617	-0.9994205045190302	-1.9222927139154191	-0.3313935583583756
0.0	0.0	0.05184812040370565	-0.032252216395498655	0.44508987771074787	-8.214603712457247e-05	0.04967151762914607	-0.9987656064420567	-2.8471399138800564	0.004712438223735664
0.0	0.0	0.04333010438596909	-0.03395492943670044	0.4563817133059797	5.5982255321607166e-05	0.05406185500746766	-0.9985375566273085	-3.099026956033865	-0.0032122446801351573
0.0	0.0	0.031239544202790463	-0.035468656481056925	0.45811527260046225	-0.0747630216515864	0.07782715400247203	-0.9941596712485171	-4.463681348661523	4.3006751193497195
0.0	0.0	0.014238433785224559	-0.0412471082891026	0.4246204293974864	0.02325008130246927	0.1428771813001734	-0.9894672672165952	-8.214370719562726	-1.3460641748141513
0.0	0.0	-0.0011952510271617002	-0.04271825885352542	0.42483962196348557	0.02927387796677299	0.1459001464716192	-0.9888660815074384	-8.389408145115032	-1.6956592797563534
0.0	0.0	-0.021594000370306704	-0.04341155490730963	0.44909642634446195	-0.09758123779577627	0.07050058199124712	-0.9927273312875514	-4.0427394892260775	5.6139179676169935
0.0	0.0	-0.042816962195294295	-0.0421261363859051	0.45064235002179837	-0.11577064478000212	0.07124668308901623	-0.9907174251685215	-4.085595704658347	6.66509116184824
0.0	0.0	-0.05863005930518578	-0.04231606901478013	0.45769487556215666	-0.09863417009786231	0.1131557135980093	-0.9886693443809316	-6.497260840436781	5.697237126970514
0.0	0.0	-0.07987158808317393	-0.042534653560781975	0.4595157656022047	-0.06546668467906802	0.11493305386971181	-0.9912136726590773	-6.5997637149223785	3.7787259249495677
0.0	0.0	-0.09600710719531048	-0.049407767852619106	0.47733762531511115	0.004489500174483657	0.14149906913345586	-0.9899282071812433	-8.134600205777065	-0.25984475109021377
0.0	0.0	-0.09409419642923084	-0.056041135302910716	0.4645080920433677	0.030353092072627902	0.15065553618578756	-0.988120176384158	-8.664917739859655	-1.7594594440703397
0.0	0.0	-0.08962686899540646	-0.0659237412363926	0.4539988179909422	0.08315894718023055	0.19016811481976165	-0.9782232152345474	-10.962595347178079	-4.85904291125156
0.0	0.0	-0.08841478980023625	-0.07496132775658224	0.4681494642954496	0.014344221228613285	0.14263640947157094	-0.9896712183144332	-8.200432754458584	-0.830382634324858
0.0	0.0	-0.08759516756775165	-0.08756338628608416	0.49260936533507554	0.00014939484527448643	0.14675795913764747	-0.9891724030021312	-8.439091990434289	-0.008653389463936633
0.0	0.0	-0.0777796584675489	-0.0870501676915783	0.4685640945859952	0.005873651001673613	0.13766730834582602	-0.9904611057865835	-7.912885832858937	-0.3397725219194171
0.0	0.0	-0.0785818251117038	-0.09922892373733588	0.49092060903045415	-0.002061779773721545	0.12949539040649963	-0.9915779138182916	-7.440433840695532	0.11913446984733286
0.0	0.0	-0.07050328817615593	-0.09988715005171454	0.47603368038756605	-0.015743118728043626	0.1479879894872287	-0.9888638528864235	-8.510345561375974	0.912095290391562
0.0	0.0	-0.07222025475965696	-0.11553803791849902	0.5071077425373368	-0.000637650492505637	0.17103499216766951	-0.9852647745026749	-9.848001130337362	0.037081074924851624
0.0	0.0	-0.06636454607908365	-0.12390119163905074	0.5231677615111033	-0.0212055906169588	0.1923664820204884	-0.9810940190603746	-11.090921701709943	1.238211292135954
0.0	0.0	-0.04925058585328156	-0.0871366974654144	0.42878403336613363	0.07130322779321618	0.17965219482134076	-0.9811426913299371	-10.349501798948953	-4.15658651165111
0.0	0.0	-0.049069945858537585	-0.12320535977191432	0.528082808999034	-0.030046276917238338	0.14987631192743764	-0.9882481339574065	-8.61975872447963	1.7414601111578205
0.0	0.0	-0.03377914758422069	-0.08573715115355446	0.4261351559025492	0.04689840186900954	0.1540393687870643	-0.9869510812072476	-8.86108705284657	-2.7205611298179297
0.0	0.0	-0.032330532268981235	-0.11948114632049944	0.5137391792055062	0.04667578642234485	0.15701932201113927	-0.986491890772111	-9.033929133485445	-2.7089250264638913
0.0	0.0	-0.017149397221452853	-0.08561454888218395	0.4300288733578736	0.051563432885485164	0.15275475902485408	-0.9869180958852672	-8.786602780855901	-2.990808730038267
0.0	0.0	-0.009250582220316215	-0.12352151025761797	0.532009984673688	0.021293602528594677	0.17399927693478484	-0.9845154928907236	-10.020427478294817	-1.2390291233499058
0.0	0.0	0.03068359065265754	-0.12285640002000893	0.5431144033239347	-0.008546330741422338	0.147965536004732	-0.988955657481241	-8.509044750758722	0.4951248209383046
0.0	0.0	0.03160228695008086	-0.0876717954019532	0.4335417312623142	-0.030994230391976574	0.14706481230213075	-0.9886411065651103	-8.456866238444848	1.7956537830348382
0.0	0.0	0.05184807343311948	-0.09285631573617888	0.4473631284428589	-0.11454631968599181	0.15610006297901727	-0.9810768804138851	-8.980601863302352	6.659457828937709
0.0	0.0	0.06685021305631067	-0.0914630286632192	0.4447433573863105	-0.07818233177601025	0.19105762002763793	-0.9784602955806353	-11.014512122586586	4.568423236608826
0.0	0.0	0.16201817983014394	-0.11458921616514756	0.5689357522337867	-0.16478340472241965	0.1876169413375871	-0.968321387489093	-10.81374417456465	9.657750632977981
0.0	0.0	0.1937595332806118	-0.09812176204866642	0.5855733383372926	-0.16735268953349008	0.21310170183614968	-0.9625906406045426	-12.304182111146186	9.86266519965461
0.0	0.0	0.19009108380025472	-0.09860334122420965	0.5710381483107376	-0.16852761109132192	0.14982458316210515	-0.9742438152756848	-8.616761036678092	9.814075286301907
0.0	0.0	0.19059823900463493	-0.09531641602382317	0.5620406852494838	-0.190401806038754	0.19229594029494262	-0.9626886681760523	-11.086803063873274	11.187647064290859
0.0	0.0	0.18558087433138873	-0.07867898943022268	0.5600543957953182	-0.15743506212412037	0.1266889017930474	-0.9793692793326065	-7.278298202098312	9.132253945278745
0.0	0.0	0.16344177264292994	-0.05794306812493124	0.5246690479570956	-0.11010692561635596	0.14047101442584717	-0.9839432320194549	-8.075102730036289	6.385048176965118
0.0	0.0	0.13822937457333254	-0.04120246489461747	0.4543208373946541	-0.1147672078655331	0.16562495540071476	-0.9794880760051201	-9.533541313150344	6.682909058044199
0.0	0.0	0.14759507245213155	-0.030335158888233998	0.5100444655129258	0.008158239986018612	0.03853727188008502	-0.9992238608369423	-2.2085699285972793	-0.4677854000339166
0.0	0.0	0.14381588517894717	-0.022358690237629573	0.5019821563859294	-0.049148469402745476	0.17837684151852498	-0.9827340174778816	-10.275229671849399	2.8630896484546597
0.0	0.0	0.12419454799301925	-0.023174887362401152	0.47688259794115945	0.042525558659790935	0.09989589153813844	-0.9940886962567586	-5.73317548285664	-2.449530298162659
0.0	0.0	0.11558492308031083	-0.025215326991668924	0.49437258220564223	0.04996130686488029	0.04469792370553024	-0.997750454619676	-2.561855921909814	-2.8666316952094335
0.0	0.0	0.0823112588064409	-0.028288193674306312	0.48454828003734146	0.016327018084063782	0.0185366210450603	-0.9996948809222588	-1.0621309840578452	-0.9356715589030535
0.0	0.0	0.07009419654846806	-0.029100581785179398	0.47679390675293004	0.03840777676791346	0.03353463865135667	-0.9986992851630807	-1.9217535687585168	-2.2023842456296
0.0	0.0	0.054236838131176225	-0.028204840699335296	0.47257748430307783	0.025236033430372826	0.019251241690629882	-0.9994961461895929	-1.1030830420728317	-1.4463398110658132
0.0	0.0	0.04592043108525073	-0.029623854596402918	0.48552456311274256	0.036756949629797614	0.02577174545411122	-0.9989918618503987	-1.4767757508379697	-2.1071928173688415
0.0	0.0	0.03081495210127209	-0.02927127354248789	0.4716316893704604	0.09171985279389545	0.04950913746342252	-0.9945533093866459	-2.8378247547241666	-5.269036589944592
0.0	0.0	0.012094630289463783	-0.02997031197024287	0.47161169655115726	0.007420076282202977	0.027384466180776112	-0.9995974168848533	-1.569210505575684	-0.4253024658300401
0.0	0.0	-0.00037345041386558964	-0.02998837177306522	0.46990248314849303	0.040811632698646794	0.03534719042610729	-0.9985414903662154	-2.025666797891339	-2.3404471466236494
0.0	0.0	-0.008732121107628667	-0.03338962778324972	0.48506080258844747	0.02806310347857166	0.04783294983910102	-0.9984610771079535	-2.741672312962159	-1.6099517861327968
0.0	0.0	0.03867291721430241	-0.040396199560377336	0.4967490775184144	0.030201610666043224	-0.010929110435264816	-0.9994840449674378	0.6262043684059199	-1.730791452896973
0.0	0.0	0.05153648303197511	-0.045515422323277356	0.5058409063353697	-0.011532011467432296	0.01716301062682983	-0.9997861557716841	-0.9834163573370086	0.6608476048230274
0.0	0.0	0.049561662780771225	-0.05102822010554201	0.5050239788383457	-0.2615089692619345	0.01699997936616246	-0.9650513476693581	-0.9740739911162843	15.161861200227383
0.0	0.0	0.03629286158439738	-0.0492782166053806	0.48167839851730476	-0.2645080482433194	-0.001869216089731368	-0.9643816611058939	0.10709825530594302	15.337750535006968
0.0	0.0	0.036558631656711534	-0.05049307057074528	0.4847870727844146	-0.2605775574876662	-0.007688656416174305	-0.9654223205819854	0.440531903218367	15.104791943436654
0.0	0.0	0.03816046032275274	-0.05594697707705105	0.5013936028323819	-0.24370950505406436	0.005437743441362122	-0.9698330769458523	-0.3115612847065857	14.105794541687548
0.0	0.0	0.035945103626154	-0.050910180355223815	0.47775082133972013	-0.20295503285398364	0.036584552365860876	-0.9785043393477051	-2.096608317147987	11.717770680158639
0.0	0.0	0.04579067698884081	-0.05781486762019614	0.5068428988782924	-0.22615751881500692	-0.0003380347835166414	-0.9740906801117262	0.019367966792976917	13.070954585413363
0.0	0.0	0.045379911972079974	-0.05673058718668905	0.5047952206653027	-0.23314761425436414	-0.010457312642257799	-0.9723851677423524	0.5991708002144082	13.483206710321108
0.0	0.0	0.048294262368769984	-0.05677784785890247	0.49963747785539026	-0.02156949275700512	-0.014779199104153207	-0.9996580779287424	0.8468165627721873	1.2360718084227522
0.0	0.0	0.05177274124870416	-0.05602411626820538	0.4938482797065631	-0.058089767250395725	0.006680178782299415	-0.9982890526214394	-0.38274889733602746	3.330247450866737
0.0	0.0	0.05214844155321668	-0.05737430498199561	0.4981730055485403	-0.05633263775161259	0.002132458314402383	-0.998409799731614	-0.12218095400346389	3.2293391885555045
0.0	0.0	0.05478011833465866	-0.057070472749958724	0.4944052638885335	-0.04297526768706465	0.012878839968319733	-0.9989930603137843	-0.7379235753910016	2.463264594523845
0.0	0.0	0.05106678729163671	-0.048595149204082054	0.44908833376792395	-0.00943878648116167	0.057548236194399215	-0.9982980737588258	-3.2990937534902076	0.5417084628418528
0.0	0.0	0.06132357877187213	-0.057911988910775446	0.5022117104511098	0.0516768725040303	0.02350301956506691	-0.9983872832653038	-1.346747835075201	-2.963005237641858
0.0	0.0	0.06306950110234928	-0.057242346807153205	0.5007261396931368	0.05953832619237627	0.030117498450601715	-0.9977715838523935	-1.7258665296143139	-3.414864352179427
0.0	0.0	0.06712971601834426	-0.0595795075090115	0.5060471205291748	0.03608170711988007	0.05270728935906095	-0.9979578973774624	-3.0213052262191358	-2.0706579171326593
0.0	0.0	0.06982810354316964	-0.05805535861120394	0.5000816929498911	0.04629449416938039	0.06422806866137715	-0.9968608703260381	-3.6825321172684307	-2.658921426889663
0.0	0.0	0.06662721687951938	-0.05388717646940241	0.4592372321818954	-0.02241008275184657	0.15598897354998087	-0.9875045683715281	-8.974157970326953	1.3000272081134086
0.0	0.0	0.06982120198232597	-0.05530127558669542	0.4654480235924252	-0.010171320140013401	0.1566252915935518	-0.9876056877401422	-9.011070013723279	0.5900665821894332
0.0	0.0	0.07161350191661829	-0.05387834279836238	0.4848494170749933	0.059614905508510146	0.1486642610002595	-0.9870891875283951	-8.549526465175843	-3.456160470288754
0.0	0.0	0.07939326743161797	-0.05396975795049632	0.5032679700278021	0.02286085493882617	0.12414553188316346	-0.992000585838956	-7.131414014102566	-1.3201592026021371
0.0	0.0	0.07912080225652725	-0.05246769124079618	0.49835096393329503	0.05461716996894103	0.1673155336005428	-0.9843893808767699	-9.631775028072001	-3.175702823922478
0.0	0.0	0.07918924271880762	-0.05173880410767193	0.49085554918772284	0.051061771111708204	0.16351598903717232	-0.9852183951871204	-9.411036097980505	-2.9668636655369602
0.0	0.0	0.08012082699668738	-0.04946795584637706	0.5000964861831475	0.05235264331871581	0.13604368142826556	-0.9893185775286976	-7.818975249386544	-3.029145875021362
0.0	0.0	0.07816915735332329	-0.048600597627129406	0.4922312563505295	0.05089738389092191	0.15593225575583078	-0.9864555679937967	-8.970868021902985	-2.953626796319251
0.0	0.0	0.07811430277132404	-0.04581626924639048	0.5052370956265905	0.1443693702528692	0.09973437483296747	-0.9844849060801079	-5.723874809753574	-8.342652452960474
0.0	0.0	0.07355792241593874	-0.04375737420744922	0.4820410670528899	0.11855782637219531	0.13698102111652188	-0.9834532482198346	-7.873188382968299	-6.873982431427276
0.0	0.0	0.0779516817292241	-0.04356693597505409	0.5084775319236977	0.15407507947135665	0.08810653973497069	-0.9841230123675839	-5.054687038146472	-8.898041083774826
0.0	0.0	0.07332760342949028	-0.042264932399528825	0.48946129578541314	0.0985284885853393	0.1111674200239088	-0.9889054344676255	-6.38261658330125	-5.689823132434957
0.0	0.0	0.07230714335506556	-0.04085549638546602	0.4844933043316501	0.07006048145016511	0.09262706715145576	-0.9932329561496601	-5.314758477304121	-4.034836002752223
0.0	0.0	0.07019024819858467	-0.04181924095997971	0.49634046629228895	0.038062198058846475	0.07924244914673825	-0.9961284301361139	-4.545023028265395	-2.1882147281816318
0.0	0.0	0.06800424520214896	-0.0409308229846368	0.49773422509507825	-0.05064373511653113	0.04900826531508339	-0.9975136117795333	-2.8090920142312963	2.906409484993506
0.0	0.0	0.06192586901854	-0.03990119278959799	0.488315607873585	-0.027138551612474845	0.05642188079587244	-0.9980380561019727	-3.2344533007539074	1.5575973212119913
0.0	0.0	0.05854664344953448	-0.0404174330048511	0.48685552223572054	-0.014999387077538506	0.036865358542164925	-0.9992077307009399	-2.1127081867548556	0.8600183976298089
0.0	0.0	0.058291513983728394	-0.04113356029585771	0.4887417234819828	-0.019808605607093896	0.046325340001801545	-0.9987299676542216	-2.6551967364995788	1.1362437788643915
0.0	0.0	0.05966111840159515	-0.04268353623796914	0.494665009307365	-0.026483568276734926	0.05579710537854912	-0.9980908334181402	-3.198599822809292	1.5199425471925436
0.0	0.0	0.05848712049709485	-0.042274037517724815	0.4925858200590607	-0.04768513212972282	0.05090294209479456	-0.9975645573853739	-2.9177847230866365	2.7367438655374565
0.0	0.0	0.05367730971401641	-0.04230970368062847	0.4884388179029702	-0.0032655064768384867	0.05736396963129668	-0.9983479909408998	-3.2885185872849094	0.18740867267393424
0.0	0.0	0.05244361121585458	-0.042848836050264204	0.4972479683794721	-0.06522769332480957	0.04364009125957147	-0.9969157248762869	-2.5011873764151744	3.7434980596980103
0.0	0.0	0.04659386641181109	-0.042156230646126246	0.4886336999409037	-0.1245253724515698	0.05227766884288405	-0.9908383010849956	-2.996655799973756	7.163193537304822
0.0	0.0	0.04423129606926563	-0.04302794272879298	0.49308263983650974	-0.24442899074366872	0.07863285658234195	-0.9664736552193899	-4.509986617351447	14.192955016937214
0.0	0.0	0.03745150320078554	-0.04205085888621005	0.48736914304155937	-0.2384084225265547	0.049133328548345095	-0.9699212868769853	-2.816266252458896	13.80963237435548
0.0	0.0	0.03564940270433111	-0.04323952133493183	0.49462946232351407	-0.2803019987741133	0.05473562452646977	-0.9583500228251884	-3.1376883528037105	16.303350803140884
0.0	0.0	0.03213985585102742	-0.04383270541010964	0.4980033556050671	-0.26728855303626725	0.08408625133525155	-0.9599407469044426	-4.823482815761088	15.55947644025348
0.0	0.0	0.03191127714107301	-0.044694994220649986	0.48549715754277845	-0.29157635182241026	0.04579892867590816	-0.9554504575662213	-2.6250035411220978	16.97070101712951
0.0	0.0	0.03191989612485532	-0.047682788049458	0.4885240065212652	-0.28693948650369067	0.015520931743162367	-0.9578229725722367	-0.8893195915123772	16.6768833819242
0.0	0.0	0.0315347844936395	-0.05154373242318803	0.4907004352305389	-0.2863522078148606	0.009901424538842088	-0.9580732667806539	-0.5673191073251893	16.64053288451604
0.0	0.0	0.031775365713011365	-0.053221896943132306	0.48705530676787245	-0.27850687008916114	0.009546177876197548	-0.960386817301272	-0.5469640104290165	16.17186696999098
0.0	0.0	0.03306813107830924	-0.05544033677981546	0.4991562206866205	-0.2849459055781209	0.0036513710184179204	-0.9585366450971788	-0.20920861367282143	16.55572866007865
0.0	0.0	0.03163761359736829	-0.057239784468841676	0.4960906560964304	-0.275128584285472	0.012419429926264283	-0.9613272038110622	-0.71159921264231	15.970941978757917
0.0	0.0	0.031823117244146645	-0.060534891759014324	0.507135099181617	-0.27722692718361885	0.017253124448997237	-0.9606495263601192	-0.9885802636430919	16.09723003922898
0.0	0.0	0.004861096007363008	-0.06976379715856568	0.5076383295195334	-0.1312028790935219	0.053639152171329835	-0.9899033865713541	-3.074772674607128	7.550039723981414
0.0	0.0	-0.02623293620850575	-0.07430515186836656	0.5177749368344343	-0.07287878995869074	0.04226864829231372	-0.9964446830140063	-2.4225368847036064	4.18309754606598
0.0	0.0	-0.035479303171741604	-0.05962506666869107	0.46031446720665986	-0.07896418107827052	0.04998772593440619	-0.9956233812700609	-2.8652798499425742	4.534710245611472
0.0	0.0	-0.07298376028656291	-0.07034841993546352	0.5088778746899391	-0.013852409845676705	0.055439247585275825	-0.9983659992251878	-3.1780642947651128	0.7949326138017563
0.0	0.0	-0.09319134031272173	-0.06747677622692655	0.5052017350005027	-0.026315998614685726	0.024445037261840635	-0.9993547387515633	-1.4007369928004505	1.508420609496759
0.0	0.0	-0.10523447070033641	-0.06322154654975845	0.5026531001580669	-0.004869538562044168	0.023444571576054604	-0.9997132842004568	-1.3433980889691175	0.2790818184289119
0.0	0.0	-0.10842947633410265	-0.07768760526676671	0.5190977593752383	0.04650915595979069	0.024906334137132974	-0.9986072920784822	-1.4271754073538485	-2.6665678406225153
0.0	0.0	-0.0943973915449003	-0.08927430295020512	0.5130987685981904	0.010058217219310578	0.07221059466782861	-0.9973387397874353	-4.140966396858326	-0.5778115662644805
0.0	0.0	-0.07398065615541878	-0.09649586984919069	0.5223971230000978	0.017839981600120056	0.08967284448255514	-0.9958114846337761	-5.1447863593746614	-1.0263451829965846
0.0	0.0	-0.05317444930475319	-0.08056488076903189	0.4548445987368169	0.12612390016280275	0.11229752175758023	-0.985637896420537	-6.4477746454099245	-7.292037206681434
0.0	0.0	-0.05201743623231258	-0.07876051060298402	0.45901544999446786	0.1176530985575574	0.08301053804237772	-0.9895791905400024	-4.761632735915428	-6.7801855208060156
0.0	0.0	-0.0343442293783418	-0.0740963120668079	0.4450155998521743	0.13024232368039118	0.10605714618313297	-0.9857935596081783	-6.08807668331567	-7.526286756158028
0.0	0.0	-0.020052683158815168	-0.0789329750195978	0.446451515453061	0.0834240111027211	0.1153528330475366	-0.9898151643495832	-6.623976330052334	-4.817640706314545
0.0	0.0	-0.012170390679426756	-0.10729635629482032	0.5479766972459107	0.03413385673995428	0.11496577141141272	-0.9927827988686166	-6.6016508008160235	-1.969167719895241
0.0	0.0	0.005281798224399062	-0.10242158267590061	0.5376895791508939	0.06276589677349145	0.08178097103312246	-0.9946719356356514	-4.690943365235057	-3.610697145277064
0.0	0.0	0.016564517339312957	-0.10709645212952618	0.5474431495246852	0.04092194005816018	0.12376092445738775	-0.9914679731312379	-7.109206367691056	-2.3634897596387323
0.0	0.0	0.016661544009767198	-0.07084749330194941	0.4252103262926155	0.015174426630792139	0.12439332949440246	-0.9921169815154232	-7.145722684935867	-0.87627047099731
0.0	0.0	0.045502915686618704	-0.1085182064811591	0.5536544773357671	-0.0018477492321924138	0.14999250916897236	-0.9886854163356882	-8.62649245446587	0.1070796712447239
0.0	0.0	0.05861138610562477	-0.1073354332431584	0.5526659514511082	-0.02794077476113767	0.148386833474573	-0.9885345424515892	-8.533452758400296	1.6190252219719115
0.0	0.0	0.09014411708106773	-0.09718458414912262	0.5264085412847767	-0.0531265745751225	0.1699067133054336	-0.984027120175427	-9.782395217398184	3.0903377726267656
0.0	0.0	0.10288217314956376	-0.09634725658339549	0.5280996316557524	-0.0448426787112903	0.17494820224301488	-0.9835559453306801	-10.07564381351568	2.610444504123739
0.0	0.0	0.10559230487555109	-0.09617146429251384	0.5252880422306697	-0.05251298094384743	0.2099107779398345	-0.9763093469952047	-12.11712365713648	3.0788148110685403
0.0	0.0	0.11534700546449385	-0.09603273048216297	0.5510249519768596	-0.04034761249790092	0.14991019459686383	-0.9878760539954708	-8.62172224189096	2.3388194811000775
0.0	0.0	0.11827395388460284	-0.08319291536953778	0.5059015819783812	-0.10592205599979404	0.21201963224316495	-0.9715081564723709	-12.240734166120081	6.222294091196834
0.0	0.0	0.13062246094836336	-0.07341466508896471	0.522145264770306	-0.08866684769467931	0.15592888641348618	-0.983780647089898	-8.970672582191838	5.150077856164543
0.0	0.0	0.13278068473885926	-0.06354302145207044	0.5236255614313664	-0.08907450905897382	0.12407148134856195	-0.9882671933974967	-7.127138172984321	5.150267341056579
0.0	0.0	0.1294263796353026	-0.056074072147290134	0.506309382134078	-0.03907216456171589	0.1465067339998777	-0.9884377196614685	-8.424540564817764	2.263678485256855
0.0	0.0	0.12251302242579697	-0.05068237677557885	0.5021232117502522	-0.02087004797858949	0.134427012116598	-0.9907036522464933	-7.72548809076156	1.20680773665777
0.0	0.0	0.11164145978298967	-0.0448255212693037	0.5062844021295161	0.03478288252842121	0.07457367806827526	-0.9966087430479873	-4.2767272597613495	-1.9988824965902434
0.0	0.0	0.09789859059595268	-0.04443715224342603	0.5139128208104572	0.06981224114408113	0.06582299430610376	-0.9953861595898793	-3.7741084472933273	-4.011917786980536
0.0	0.0	0.07795448743750383	-0.044400327063169744	0.49895169466265443	0.13516014305299406	0.09228172925856142	-0.9865169727324545	-5.2948869621392225	-7.801375477761857
0.0	0.0	0.06434158329258341	-0.04418382241247772	0.4928157478717401	0.030134343138954245	0.06299101706484408	-0.9975590679239026	-3.611510448504983	-1.7302692559618664
0.0	0.0	0.0507215619795204	-0.043943086437699036	0.4980943450410001	0.018942281897014315	0.04498796619593164	-0.9988078898927534	-2.578490866484208	-1.0864779193389782
0.0	0.0	0.035336639153298356	-0.04749626016146172	0.4589430381731214	-0.008407015896234896	0.15018708057360514	-0.9886218980949305	-8.637768303439445	0.48721854094906736
0.0	0.0	0.01952584869132093	-0.04829511721197841	0.451982019048967	-0.08535984977208462	0.16221198743788484	-0.9830569426970924	-9.335311266144284	4.962604630792932
0.0	0.0	0.009440021084719325	-0.04397786859307651	0.46562112534140104	-0.19736536870487018	0.09882032046868036	-0.9753366196414984	-5.671243340624856	11.439679009379546
0.0	0.0	-0.0020444066854131116	-0.0471237467264824	0.46720544132910674	-0.13200144877018857	0.12584073793192732	-0.9832292017556493	-7.22930991666436	7.646408517605304
0.0	0.0	-0.012216554675805966	-0.04351269519542388	0.47827956973255065	-0.1905156753792388	0.09227645889930149	-0.9773375822749687	-5.29458369882761	11.030529313767092
1.0	1.0	0.11870711987606297	-0.01971049293226203	0.48818005150449245	-0.019523447237481423	0.2094358216131188	-0.9776274391230746	-12.089292008063099	1.144057965809862
1.0	1.0	0.10873270553609993	-0.01943987054677219	0.46297611549130036	0.039248448667095315	0.18550903494517612	-0.9818583918140752	-10.690811683452884	-2.289101832927356
1.0	1.0	0.09783787481739263	-0.023091717239651362	0.46524665906651735	-0.09241161520645474	0.13283438397642489	-0.9868207262508526	-7.633411392013608	5.349906714053372
1.0	1.0	0.09880653208906405	-0.021927666101704175	0.5169450609846354	-0.16952184414737764	0.14795791513744685	-0.9743566152939331	-8.508603247641013	9.869717822879698
1.0	1.0	0.0936938348992975	-0.022937021171774735	0.5183880877265622	-0.14693710162530138	0.15661140853645394	-0.976668983455828	-9.010264634114964	8.555822109557301
1.0	1.0	0.07927947492380322	-0.027664808548764602	0.447945414269671	-0.15788746726873196	0.11443375222866019	-0.9808039582324585	-6.570965832101335	9.144882806132468
1.0	1.0	0.08008239875678083	-0.0272713772169501	0.4580946866358196	-0.1637449601537078	0.10349676453355855	-0.981058594197563	-5.940565640802305	9.475686275145668
1.0	1.0	0.0773869861019829	-0.026218797439126248	0.47334670910201765	-0.22021950309547442	0.12636130661011497	-0.9672311457760389	-7.25937631309036	12.826470785993767
1.0	1.0	0.06982778421372944	-0.026629564732559372	0.46397525299346093	-0.2752087487012545	0.13849009992801023	-0.9513572500985991	-7.960484252274783	16.134105821523878
1.0	1.0	0.06449660623690967	-0.025507971324596552	0.4668785416989943	-0.2964114721397658	0.17260428298097366	-0.9393337896467321	-9.939272226163771	17.513351324521878
1.0	1.0	0.058169536299902645	-0.02531740323469377	0.4701849863161445	-0.3258143628836737	0.2210622923812849	-0.9192260328190619	-12.771434189530988	19.516577976508362
1.0	1.0	0.05003751471129176	-0.024736210782694616	0.46173730295756993	-0.2514564008353029	0.18714256414860655	-0.9496037551986508	-10.78607426145645	14.831594077471383
1.0	1.0	0.03260408006564542	-0.02446162723995478	0.4540052540270658	-0.25735578112920976	0.1913430383809541	-0.9471831222937737	-11.031172761232275	15.200665985983804
1.0	1.0	0.019144073749745333	-0.029275968216381332	0.4515547085455243	-0.23582169855054624	0.18609455223071592	-0.9538117730001155	-10.724953862707727	13.887385095250378
1.0	1.0	0.014928798352189838	-0.028778766594691394	0.45566085210262425	0.018096622060518486	0.15965356045961895	-0.9870072382556829	-9.186788210760232	-1.0503913901574087
1.0	1.0	0.021720044020083398	-0.02897262111463629	0.45468750133559577	0.07236568484179084	0.17255100929601674	-0.9823386557532227	-9.936173373411611	-4.213182852190422
1.0	1.0	0.03507336267702845	-0.028557142046497813	0.45008414249480183	0.17192575270287028	0.15810095963143078	-0.9723402713959447	-9.096686282283153	-10.027196470075488
1.0	1.0	0.047732727582053804	-0.029293073349775555	0.4676834173544666	0.1943406053896748	0.15362580086613348	-0.9688296238220939	-8.837105906903114	-11.342607719144205
1.0	1.0	0.0527728219986581	-0.030337634180987755	0.4606214015236955	0.19805249521807855	0.1741698394803637	-0.9645931560079711	-10.03035152549076	-11.602847339087544
1.0	1.0	0.060719939528464384	-0.040492472309604115	0.436683876364336	0.08100736484294607	0.1773055364369861	-0.9808162875330934	-10.212854092214311	-4.72144435684161
1.0	1.0	0.06569437511049943	-0.04296420602041317	0.4670386003683748	0.16009187711098832	0.10336957754943038	-0.9816747412092203	-5.933239066624608	-9.262280359975678
1.0	1.0	0.06697881151931269	-0.04389237443519132	0.4598653654958859	0.09500564416111884	0.1119959321929526	-0.9891566011616175	-6.430385137181538	-5.48626563547755
1.0	1.0	0.0677257197971002	-0.04552683150330337	0.463608361268919	0.14164295191802267	0.1078761169721994	-0.9840223280091817	-6.192897445106053	-8.191053866486286
1.0	1.0	0.07253542207828784	-0.04515825014652831	0.46513792400369436	0.12371599796881269	0.14651027437195885	-0.9814423696980006	-8.424745625926121	-7.1845417869886115
1.0	1.0	0.08325663775801884	-0.045692562894928485	0.4679258255191323	0.0411621062310113	0.13525051102766655	-0.9899559932774469	-7.773105971990354	-2.3809717328406568
1.0	1.0	0.12305296450432353	-0.04281263570655266	0.4520864983882942	-0.16638278297048764	0.20915602669474753	-0.9636236591165215	-12.072897847908862	9.796309198389837
1.0	1.0	0.12645377041765143	-0.04387193390808145	0.46011175820752986	-0.16966672748639244	0.20262023155501183	-0.9644471344326282	-11.69022502173427	9.97745171697019
1.0	1.0	0.13584741473492365	-0.04069580531208252	0.4558095328780147	-0.1812938987520175	0.19756069482934807	-0.9633806847895928	-11.394351229308148	10.65757124553543
1.0	1.0	0.1401875766480152	-0.04298206285568027	0.4496565288384424	-0.24425923281517822	0.2057337426319284	-0.9476344386882803	-11.872455009548036	14.453763585422552
1.0	1.0	0.13804775952471873	-0.04160001450140585	0.4478515996531229	-0.2098470318208899	0.19964025637189242	-0.9571353129107654	-11.515922998895379	12.366145024718708
1.0	1.0	0.13624841549359787	-0.04079562904952518	0.4522196479115765	-0.13849599940589122	0.1923232905477672	-0.9715094602590275	-11.08839992444638	8.113279027750922
1.0	1.0	0.13111637188136124	-0.038815194123610806	0.4445421099725468	-0.1474618077512722	0.18726231132443122	-0.9711785814026855	-10.7930587454475	8.633729723860109
1.0	1.0	0.12488439558827243	-0.037479335149227126	0.4697960547523449	-0.03662670831226206	0.1740446583190271	-0.9840563604614284	-10.023067928678255	2.131572563149904
1.0	1.0	0.11988548176180408	-0.0354010944852533	0.48668688617185635	-0.011974671826266187	0.14542328082115064	-0.9892969897509352	-8.36179120597813	0.6934870514073662
1.0	1.0	0.1065084207734364	-0.03198838442999702	0.4558170848423699	0.015367296949073406	0.1743934215018178	-0.9845561242920337	-10.04336092962209	-0.8942199894032745
1.0	1.0	0.10282415540556065	-0.029006245393857707	0.45842919628434187	0.02597811760976418	0.17893684723441627	-0.9835174821764346	-10.307840294133408	-1.5130290246869964
1.0	1.0	0.09685588419885466	-0.030976720063914314	0.47682663002073317	-0.13080710066307288	0.18565090613601742	-0.9738702734426251	-10.699084000999354	7.649998254736887
1.0	1.0	0.08398806226152132	-0.03210362949733179	0.4592583272038386	-0.07476941710872848	0.1471335944019788	-0.9862865952374393	-8.46085050433755	4.33524450984921
1.0	1.0	0.06642452416971305	-0.032009167816938765	0.4629424222748984	-0.07110962398662829	0.15662478303388938	-0.9850949721858713	-9.011040511285985	4.128766060684607
1.0	1.0	0.04821445448991655	-0.03243972239715622	0.4606424659899581	-0.09847448688146257	0.13843045852897318	-0.9854642161081154	-7.957033817192027	5.706452166856263
1.0	1.0	0.035289957788135706	-0.03264882316454629	0.4549402708261186	-0.1986770557268172	0.12620406785008692	-0.9719053506795478	-7.2502944893606465	11.553240546348508
1.0	1.0	0.020499863744503345	-0.03371562663541581	0.45032682678396174	-0.2455226993518887	0.13183744165954875	-0.9603840298776872	-7.575783964840555	14.340544073226743
1.0	1.0	0.013125277273249747	-0.0330213471544356	0.4552084046237193	-0.23102731906021934	0.14896151725564788	-0.9614763993041047	-8.566749769194345	13.511113783647355
1.0	1.0	-0.000998512395680131	-0.03774124658829582	0.45656157931263186	-0.15605594611975615	0.17883995568004882	-0.9714231454744112	-10.302197800017824	9.126402918615295
1.0	1.0	-0.007407307793963854	-0.03672107163277293	0.45343360367132074	-0.1619909363469861	0.12568019935826588	-0.978756077879766	-7.220038121774875	9.397659242528789
1.0	1.0	-0.010436943883413806	-0.04091773863852821	0.4710953141747157	-0.2311412235505712	0.12992158566154685	-0.9642064741378156	-7.465061076932401	13.480655820699496
1.0	1.0	-0.014453166897826155	-0.0382212570083323	0.43393600738547494	-0.14166335632807242	0.16616052456225588	-0.9758699384645406	-9.56465832968599	8.259714954100486
1.0	1.0	-0.018645696588413214	-0.04553426814503849	0.4689157181617504	-0.24919282583558716	0.1443539923279919	-0.9576350475707337	-8.299872112863607	14.585856272110485
1.0	1.0	-0.02114458488369254	-0.051512337730214526	0.45919171646043583	-0.17008949233247195	0.12265427347355692	-0.9777655540325074	-7.045313125672968	9.86827027085348
1.0	1.0	-0.024088747807434228	-0.054747344067960065	0.4735893284188833	-0.15160917039464877	0.13835392742286654	-0.9787098106688782	-7.952606304083419	8.805539124035667
1.0	1.0	-0.026030285347242315	-0.060026319730427685	0.4747491021413562	-0.13897011662536207	0.1512180279332391	-0.9786830366115721	-8.697519649944905	8.081803172483676
1.0	1.0	-0.026972641407002312	-0.06365169465776759	0.4868956329809775	-0.1408005463918967	0.15147585083015738	-0.9783814394724341	-8.71246396178326	8.189307416898387
1.0	1.0	-0.02832501214564523	-0.06714110454330471	0.5066602908444996	-0.13874117634894031	0.15853293947196115	-0.9775571994087684	-9.121753037465758	8.077834602019358
1.0	1.0	-0.03117903248473175	-0.06707124969163378	0.5124304651122887	-0.10122480181324253	0.15907106882281563	-0.9820641202135052	-9.152981858214421	5.8848954939589
1.0	1.0	-0.02495799844552842	-0.06832732818770956	0.49552145412870163	-0.16132336130757696	0.1859067619998672	-0.969233444622314	-10.714003181478292	9.449924228875275
1.0	1.0	-0.030058151504848668	-0.06824124245969027	0.5051289663283546	-0.15190650802285394	0.19594924643102035	-0.9687766350780704	-11.30018125607555	8.911552818648387
1.0	1.0	-0.020136442600341423	-0.06208836465844467	0.4632617712318825	-0.11898645683371743	0.16639765543032792	-0.9788533900395887	-9.57843674061578	6.930698871235644
1.0	1.0	-0.020022614227108593	-0.06210466571967934	0.47326763937478916	-0.13129828720727058	0.18644173742191625	-0.9736530661243112	-10.745200445533845	7.68007475606303
1.0	1.0	-0.017834598868024746	-0.06199531359874035	0.4834966588065319	-0.19738547219470728	0.1658071343434334	-0.9662023013411045	-9.54412574321333	11.546081634103778
1.0	1.0	-0.010005039541260974	-0.060019803544987475	0.4954366510258748	-0.2579919861416849	0.12262618695714761	-0.9583334513397379	-7.043691646591609	15.067324946596703
1.0	1.0	-0.005007476055385238	-0.05981485181074362	0.47616866920560447	-0.22409777492123184	0.13376612505196783	-0.9653428907965098	-7.687276937629377	13.069335812614163
1.0	1.0	-0.023195388282079333	-0.06189728253129323	0.469693157172197	-0.12841038972368432	0.17265681043196915	-0.976575811639513	-9.942327700327645	7.490873164105551
1.0	1.0	-0.0818056516971074	-0.06300156257857803	0.4939741231630575	-0.0290230032479101	0.14070803941208396	-0.9896256775436523	-8.088819496761891	1.6798463632157772
1.0	1.0	-0.0791597994108525	-0.06153978754326234	0.4760226859154526	0.00958753753314831	0.16436165007785225	-0.9863535488249545	-9.46015344080633	-0.5569079543113927
1.0	1.0	-0.07945907183496322	-0.06194462390326669	0.4788985445191647	-0.030392183456722094	0.17777114183425885	-0.9836024289186195	-10.23996195530722	1.7698105780144568
1.0	1.0	-0.07539286093351233	-0.060619917535296976	0.47666880016484797	-0.035955472942838074	0.20529451358223444	-0.9780395350879628	-11.846740132587065	2.105405202890776
1.0	1.0	-0.07439363075872567	-0.060520940037792285	0.48009669455859383	-0.13365886659282267	0.2176266846623819	-0.9668370770250848	-12.569674901942776	7.870876916206881
1.0	1.0	-0.06198454126889046	-0.06102682045626422	0.4784429297882881	-0.08345487490853297	0.1902988039853174	-0.9781725628329112	-10.970222566353895	4.876502261780863
1.0	1.0	-0.0548484845767833	-0.05978165419540903	0.4701697373493352	0.013246774736263442	0.21265404922877157	-0.977037765992324	-12.277931817964571	-0.7767742558969211
1.0	1.0	-0.017910300883152392	-0.050483429075366994	0.4625169047888977	0.02060585920711266	0.17254154356069606	-0.9847866817449739	-9.935622768430726	-1.198692601525868
1.0	1.0	0.018742500382643017	-0.03044850168105385	0.4576937467979727	-0.02282303873907466	0.11985571914919055	-0.9925289758567948	-6.8837757978842795	1.3172747790454746
1.0	1.0	0.019401061521616338	-0.02490771925903767	0.45076118825675765	-0.34431414184818454	0.09120838075903073	-0.9344135979944901	-5.233128154129055	20.227909786692106
1.0	1.0	0.015959970241282075	-0.025619495038309487	0.44605474992854416	-0.29620850255396064	0.14246690407555695	-0.9444382715295812	-8.190620602711633	17.413228734136627
1.0	1.0	0.015025044189762833	-0.024544364029352266	0.44865247261834446	-0.3030295810330874	0.14815299024929834	-0.9413945680104481	-8.519904781776763	17.843073114208988
1.0	1.0	0.01167068853321424	-0.023907252285660482	0.45605468933574506	-0.36157530821082334	0.17604710664080347	-0.9155712207075566	-10.139598995248962	21.549942282411415
1.0	1.0	0.008709048711295644	-0.025345532206263014	0.4633246230953408	-0.3777504030487503	0.1787601405148328	-0.9084874692037125	-10.29754982784358	22.577611823616788
1.0	1.0	0.010500349246771472	-0.025713006008458977	0.46411416647629794	-0.35908220280177294	0.17443050363890406	-0.9168609331993816	-10.045518651467951	21.38744913548642
1.0	1.0	0.014564117845078177	-0.024808727149207066	0.4544181938726826	-0.22128557472106467	0.15492560713049688	-0.9628243648724616	-8.912481737511461	12.943493530919046
1.0	1.0	0.03517172365017495	-0.026174535105854397	0.4440229055478771	0.13660405031072742	0.15298487108395004	-0.9787415318654876	-8.799944039365508	-7.945508249936648
1.0	1.0	0.05789212590969941	-0.024646571229825567	0.4596032544147621	0.10803349805663605	0.10861044527865654	-0.9881966476398204	-6.235220027923584	-6.239020358686847
1.0	1.0	0.07614710643843765	-0.02288735229989616	0.4656659391071398	0.17081165374902438	0.1359540181282855	-0.9758790195576852	-7.813789742145135	-9.928115467661339
1.0	1.0	0.09173050849689801	-0.02256641870878591	0.4631615373602495	0.15711493006024999	0.14323289570573852	-0.9771382989662616	-8.234963455584706	-9.134454639104423
1.0	1.0	0.10440220464011583	-0.022820695126169212	0.46910024934299904	0.11530866680196578	0.14585065702896216	-0.982563743441307	-8.386541949136683	-6.693325130431003
1.0	1.0	0.11593283797571102	-0.02301515400327438	0.47074094694118557	0.11222121495917428	0.1633631456784658	-0.9801627144458177	-9.402159457492136	-6.531492945027581
1.0	1.0	0.12020798955290041	-0.025646285853155298	0.45893860580298346	-0.006193092683863088	0.17662162869679865	-0.9842592972847364	-10.173040705502958	0.360508040121833
1.0	1.0	0.12338869842294525	-0.022543547427777685	0.44543319428982264	-0.10228967709967315	0.16058533368828792	-0.9817072260159599	-9.240872703639747	5.948508997240208
1.0	1.0	0.13760143701332594	-0.02206886136366516	0.4558529065803035	-0.14158678599304508	0.1642585526474759	-0.9762030162317051	-9.454165002709347	8.252534162131138
1.0	1.0	0.07710573327514668	-0.11885274960052737	0.5847449133207631	-0.12789009153207076	0.1516709120112492	-0.9801224753737019	-8.723770783153658	7.434168684162212
1.0	1.0	0.07733809646335493	-0.12421582468040747	0.6073672081018147	-0.10394216784867705	0.14567822688712215	-0.9838566713153588	-8.376555770611006	6.030794737880752
1.0	1.0	0.04825912630211643	-0.07136779586852654	0.41150833871010967	-0.07257888166688367	0.16959014838852446	-0.9828385228092229	-9.763990280657993	4.223409116443387
1.0	1.0	0.04844966331782233	-0.0711426648416955	0.41883287370621575	-0.07299452363642611	0.1412385400468214	-0.9872808195709994	-8.119521553718386	4.2284650095520355
1.0	1.0	0.06216646962325228	-0.11616222160972871	0.5727609908584844	-0.11444122215420977	0.11202307560779401	-0.9870937304993751	-6.4319501889523885	6.6132068822987415
1.0	1.0	0.061851900274873715	-0.11885327381465714	0.5795464264342783	-0.11205455478493878	0.13151663561333474	-0.9849605165775374	-7.557241678458339	6.490379902394865
1.0	1.0	-0.01667233921137243	-0.09949592316406115	0.548231701872015	0.02117079449475091	0.16759071588754101	-0.9856293299796449	-9.647767626639748	-1.2304936981512649
1.0	1.0	-0.011920357944818155	-0.09027490528429809	0.543508554323181	-0.17894801697722187	0.18147091298798013	-0.9669777634438222	-10.455448056275541	10.484491222271124
1.0	1.0	-0.01308817167333353	-0.08840366031138068	0.5367278177832914	-0.1844539215742257	0.1857014199268456	-0.9651382057242444	-10.702029446393567	10.819701189813008
1.0	1.0	-0.015363059444637233	-0.08440542206927341	0.5046026974782014	-0.13988868920714254	0.22348331748122274	-0.9646171819773983	-12.913707794594618	8.251504045762173
1.0	1.0	-0.020142635376653496	-0.07840809838801537	0.47495281706462594	-0.08887934741979142	0.26374452082602545	-0.9604891087318593	-15.292365365825377	5.286838273867357
1.0	1.0	-0.020695537930594175	-0.07721103477047116	0.4838083194761469	-0.07970086429849116	0.22963124490506226	-0.9700089332772187	-13.275362572708358	4.69716109320221
1.0	1.0	-0.020238959912123922	-0.07341861661406925	0.4989061591223927	-0.16966621008264532	0.1630091332848965	-0.9719266442684776	-9.38160045403197	9.902165663779366
