1620.0	790.0	0.019599219502732336	-0.0058711954790505085	0.7074121775306572	-0.1754936537521797	0.07886583580738084	-0.9813165316055207	-4.523376927997219	10.139300856450637	0.08349034309255617	-0.009912598955741453	0.7026291859996122	-0.2616989480683071	-0.029274412224890176	-0.9647054540229854	1.6775399325808897	15.177557412406735
1620.0	790.0	0.02286997767083965	-0.006071193518325167	0.7156412614430937	-0.22438152025177505	0.10121347029436831	-0.9692310607099168	-5.809051766861649	13.034617543039593	0.08660616203406073	-0.009615948572807028	0.7088281022611269	-0.257631702405239	-0.025819569743959617	-0.9658981818322703	1.479516792923078	14.9346764871728
1620.0	790.0	0.02305376269195718	-0.017646792865781753	0.7207191252672156	-0.21672901437135486	0.09005546801270665	-0.9720692265463241	-5.166798131864779	12.568884918179645	0.08650340603904712	-0.02255478279526821	0.7122728232600207	-0.2469178889572451	0.04840590732062572	-0.9678266592651612	-2.7745384314091757	14.312338180588243
1620.0	790.0	0.02343793811819507	-0.029878136676583247	0.7095161982468308	-0.20762636708308907	0.07458115582068525	-0.9753609352110671	-4.277156899864863	12.017253494164018	0.08673298351459519	-0.03601080523292005	0.7007177194997196	-0.23198705657399288	0.07097320252696646	-0.9701261889348752	-4.06988665490917	13.448635119707955
1620.0	790.0	0.00934608573136764	-0.03487438192871421	0.6910290747916736	-0.15775900357603134	0.08616660237699883	-0.9837110348786592	-4.943112409024291	9.111017833057488	0.07276569794010232	-0.04082932468752601	0.6830430202181945	-0.20607976714548143	0.02691579975750899	-0.978164891451045	-1.5423479948738306	11.897088845181917
1620.0	790.0	0.0036069948786947564	-0.03699876033997499	0.7029873706912115	-0.13945062292075527	0.07392577950801925	-0.9874656778459988	-4.239502654189382	8.038196964095274	0.06672615625580992	-0.042907453119409925	0.6928708277883446	-0.15229953208493568	0.029633120151949174	-0.9878900400706337	-1.6981013036699437	8.764090493142083
1620.0	790.0	0.03886139578575991	-0.03354544438706843	0.7093044696701708	-0.2235013224804031	0.10845302411124336	-0.9686511564224971	-6.22614686409902	12.992732083291857	0.10186045150172893	-0.03986370654030642	0.6986986144063654	-0.2552904161208978	0.03214737925533133	-0.9663298655590286	-1.8422265560966733	14.79861732657565
1620.0	790.0	0.06327178223447398	-0.025921999122142596	0.7392603864282659	-0.23344491297369924	0.03520251579210741	-0.9717326055602171	-2.0173723899177665	13.508504513874126	0.1267755399200927	-0.029935797553201304	0.7307487587590915	-0.254498545790168	0.03481130994689387	-0.9664464134439175	-1.9949441990156302	14.75301819236818
1620.0	790.0	0.06166935352497147	-0.010385542220368266	0.7041027385810441	-0.2069291856054848	0.0894683486163048	-0.974256430159895	-5.133022323462877	11.991255096407635	0.12525427164067066	-0.011145483628770103	0.6952898899557003	-0.29828459378475947	0.005848169017584897	-0.9544590019914708	-0.33507731260633605	17.35490816702644
1620.0	790.0	0.06114924269467324	-0.004581506763348167	0.7434946276178619	-0.23860380865115333	0.07410088058067328	-0.9682857339127054	-4.24956279909453	13.842963554311261	0.12381758350599402	-0.008017573083682145	0.7299980305720872	-0.2817951358361493	0.03324356135626799	-0.958898473087134	-1.905066764092965	16.376680326719644
1620.0	790.0	0.0594530625582126	0.0003556089981870004	0.7613704168754523	-0.1535304973118804	0.07707897033448508	-0.9851330751039248	-4.4206844183640985	8.858144144964832	0.12225219848832126	-0.0027273055886789504	0.7484070150187087	-0.26854160485520834	-0.013552052304972015	-0.9631727657526445	0.7764991704488972	15.578969029808112
1620.0	790.0	0.05075682108629871	-0.012477075886508834	0.719106323069263	-0.21085630078871226	0.060056547211773295	-0.9756704170391853	-3.443058537264077	12.1948884416685	0.113331053394409	-0.014264281862939656	0.7048740720362726	-0.29056361248594853	-0.030815395687526243	-0.9563593599043073	1.7658716674212227	16.89996833861462
1620.0	790.0	0.025954669763671945	-0.01795188815588597	0.6843279732220484	-0.10181162070091546	0.13231693414607149	-0.9859647774521185	-7.6034996661261625	5.895519336481005	0.08995203428478193	-0.021626045839770115	0.6808460882033085	-0.245495706214598	0.039656073991808136	-0.9685862114774142	-2.2727216193516036	14.222553275658324
1620.0	790.0	0.009492705280922237	-0.018465308684297726	0.6875272250983955	-0.23477581904691425	0.039979710516021554	-0.9712269873429421	-2.291279343509277	13.58948204818727	0.07272510254707651	-0.022532715839562144	0.6772119083981603	-0.2071586266872596	0.024800189585617662	-0.9779929779872687	-1.4210918933941068	11.959624994066644
1620.0	790.0	-0.010647574730441176	-0.017548699292705812	0.6804856574957613	-0.15168089767039242	0.07543566842618604	-0.9855467219672057	-4.326255181944005	8.749474621152824	0.05277160635519572	-0.02238970573592143	0.6717760219889481	-0.20849297925968707	0.05018356631469744	-0.9767355443643775	-2.8765147778708138	12.04946096596971
1620.0	790.0	-0.0231466985327615	-0.01911687046945381	0.6868726652344223	-0.02516704084673127	0.0493828695805043	-0.9984627823520653	-2.830581277706331	1.44387952136884	0.040860889976952225	-0.023078698746979657	0.6839369960622981	-0.11693444523997584	0.018345526228821914	-0.9929701593038955	-1.0511801953906865	6.716349153602116
1620.0	790.0	-0.04015271610822729	-0.021187876869241017	0.6794671046347094	-0.06760311358903812	0.021131820105066118	-0.9974884402674342	-1.2108542354523104	3.877196768492419	0.023797629545997533	-0.02548073986986578	0.6758325150319298	-0.15035314851563278	0.0624865410046272	-0.9866556605656748	-3.5825490446000123	8.664454343618276
1620.0	790.0	-0.04446771913711729	-0.02239947939136961	0.6729737801427844	-0.14616591295649434	0.05173397683864196	-0.9879064780852473	-2.9654623308112473	8.41615173407644	0.0191664489579896	-0.026064298305332356	0.6653221543816052	-0.09936803802145341	0.049516932038679455	-0.9938179296050769	-2.838271899422513	5.709807985580563
1620.0	790.0	-0.05848766291449188	-0.02402190729404086	0.7293702160571194	0.04311652663197703	0.1253657201504646	-0.9911732601784935	-7.201876142068558	-2.4908243918686175	0.005483653821119301	-0.0200162495451236	0.7257770329657294	0.016858703304122046	0.14341262425513882	-0.9895193880441957	-8.245368565283057	-0.9760689031898068
1620.0	790.0	-0.07543543597994648	-0.02550096705826538	0.6782430101279342	0.011750776311838837	-0.005805095098838496	-0.9999140565462936	0.3326093169607482	-0.6732967628249085	-0.011803819771030281	-0.029699526998209293	0.6708487463586673	-0.0036116742043987397	-0.0077683877680210026	-0.9999633372008835	0.44510030961288277	0.2069403760819948
1620.0	790.0	-0.09509556414559366	-0.03454872737390794	0.6769318160077749	0.016647029684999454	0.09297904690104053	-0.9955288864645108	-5.3350128395520535	-0.957998979054276	-0.03117987392847409	-0.039415176078402114	0.673412178996188	-0.016568157071754054	0.09357513711498838	-0.9954742908940258	-5.369315848210102	0.9535131598610033
1620.0	790.0	-0.09157821874387463	-0.04134520755615766	0.689926101312228	-0.0035541656957039647	0.10072382346122785	-0.9949081317898225	-5.780852962638768	0.20468003154620137	-0.027819498898517876	-0.04285926577217241	0.6825899650663947	0.007015295086829694	0.008559682952206382	-0.9999387801852612	-0.4904396961925265	-0.4019648142607852
1620.0	790.0	-0.09716656651830738	-0.05673816499531305	0.692779266193315	0.013606947496901334	0.12465107236887127	-0.9921073214495245	-7.1606061041901725	-0.7857736439912616	-0.0330821136600361	-0.06051540332877313	0.6923309403677775	-0.007445575225918065	0.07189093183638244	-0.9973847093682615	-4.122603339464077	0.427710700064934
1620.0	790.0	-0.09337274951657631	-0.0592667856294494	0.6974043809882152	-0.04524385828204386	0.09942075980166937	-0.9940163583682152	-5.705816237322199	2.6060880819137693	-0.02924602990582554	-0.062247843505140454	0.6970009587236694	-0.07264051730364986	0.05727608333755762	-0.9957122248415786	-3.2834747808292204	4.172525764977054
1620.0	790.0	-0.0929002775119912	-0.03504788246631657	0.668304994695053	0.07985819029097517	0.07104032600431855	-0.9942715455371139	-4.073742279103896	-4.592041499587719	-0.029194825590447025	-0.039688348199298326	0.6747367205031424	-0.05468845078981563	0.06380578378529188	-0.9964627379774639	-3.658287245164756	3.1413889541657705
1620.0	790.0	-0.09379509449189313	-0.021488504986982404	0.6694852406188625	0.000788923982423001	0.038154166400466955	-0.9992715813535183	-2.186603445736593	-0.045234955142689146	-0.029792507214194366	-0.02642688948348744	0.6702381044464094	-0.07972376310447912	0.043518115248148026	-0.9958665813279222	-2.4941920200232013	4.577033262393552
1620.0	790.0	-0.09557806587143257	-0.01542360586318433	0.6724463590930234	0.010714227034884172	0.005829864588539891	-0.999925622740261	-0.3340285281968042	-0.6139021582793035	-0.031543163998632294	-0.019592252613762372	0.6705918106230893	-0.022949785395945284	0.09045126710030829	-0.9956364379938786	-5.189568679592093	1.3204549231844145
1620.0	790.0	-0.10841894760770801	-0.015825236808329837	0.6578163130124698	0.13048264072785343	0.04141053118716833	-0.9905854011074873	-2.3733273039181864	-7.503956984837402	-0.04496349654145366	-0.021670886921147145	0.6655957556888006	0.05227368860342042	0.10391548781133626	-0.99321148442112	-5.964686779179482	-3.012752984466978
1620.0	790.0	-0.11916976926445699	-0.011960857825238494	0.687505150330739	0.05102244315255226	-0.015743184132554586	-0.998573387018725	0.9020552715858136	-2.9250034314950595	-0.05515842570316361	-0.016771202227943566	0.6866720201950287	0.015079701587425415	0.011585587901909963	-0.9998191501192644	-0.6638201408255197	-0.8640940231252072
1620.0	790.0	-0.13661758988216138	-0.011742312191290826	0.684247270707712	0.037041807221071255	-0.009474530612073987	-0.9992687981164639	0.5428587389215878	-2.1229201981219146	-0.07285374717075752	-0.018587720770659896	0.6813149733703932	0.040447410934724926	0.06769192231224308	-0.9968860360927859	-3.8814295585468477	-2.323430578635664
1620.0	790.0	-0.14566474262247797	-0.016031762117436867	0.6638169211169798	0.2373335110321972	0.05030244649069156	-0.9701249989067903	-2.8833347236645217	-13.746959348845195	-0.08192004477666796	-0.023028090159265137	0.6668086620975986	0.05744481710151006	0.10007125368870765	-0.993320616407025	-5.743273594734136	-3.309791053421404
1620.0	790.0	-0.15083666749958607	-0.016076259678534533	0.6888741047251767	0.1414689345997454	0.037630996761470734	-0.9892271939272529	-2.1566064898422677	-8.138659740797328	-0.08710477814776446	-0.020260320627789017	0.6823913940855069	0.03316154620731858	0.01697223649798927	-0.9993058572060998	-0.972484212494062	-1.9006389719394894
1620.0	790.0	-0.16362362872108527	-0.01643373119868799	0.6767731979432072	0.21853818095329433	0.02322652922383751	-0.9755519485414387	-1.3309017795242395	-12.626650284137817	-0.10005732382104872	-0.02342976568732158	0.6824004536160055	0.059568511388838355	0.1058711459222112	-0.9925939819721796	-6.07735931404794	-3.43437073773195
1620.0	790.0	-0.16240520955339044	-0.015533849068678822	0.6748695265964808	0.14305509782802922	0.05082071272366365	-0.9884090829246809	-2.9130672213032676	-8.235385877897615	-0.09845108850319267	-0.02110965266378189	0.6751272834258557	0.020062420955715865	0.02941162657136049	-0.999366010117133	-1.6854051222720876	-1.1500667960830109
1620.0	790.0	-0.15949206577821298	-0.017686700056419678	0.6728638591656926	0.1022656907693146	0.025601600111520476	-0.9944275949741953	-1.4670239231079525	-5.871585474821724	-0.09558453632204196	-0.022490021889326462	0.676611045015868	0.044062780809446644	0.00380823297890609	-0.9990215703426538	-0.2181962044994623	-2.5254471841630113
1620.0	790.0	-0.14473874951582613	-0.020926056570147105	0.6659363481268568	0.13445281602726966	0.012020130395632243	-0.9908471380638781	-0.6887193263127419	-7.727541405031837	-0.08077474786304217	-0.02522350309815878	0.6693162992388013	0.05009351802296198	0.0969757670912785	-0.9940252764186428	-5.565048087179758	-2.8849579944049184
1620.0	790.0	-0.1261431001352465	-0.017928141484897128	0.6648478613927075	0.06141195274625656	0.01665447057019893	-0.9979735323071608	-0.9542749919281346	-3.521350248344504	-0.062053336798282455	-0.02155652441577779	0.6656369724979618	0.019515542397536265	0.04167515555834178	-0.9989406206778297	-2.3885022637741264	-1.1192016521314123
1620.0	790.0	-0.11413970028954601	-0.015566799005297149	0.6608993469924007	0.02958332475837583	-0.009943753498117675	-0.9995128324704345	0.5697444974452366	-1.6953308679273054	-0.050085025610382694	-0.018872869886461106	0.6581874895675213	-0.036206641945788876	-0.010977875412038398	-0.9992840780105281	0.6289985633907749	2.075066277964756
1620.0	790.0	-0.10682599920271234	-0.018229269519472117	0.6733853085957411	0.05770905459621373	-0.041128469162433984	-0.9974858636780929	2.3571525602337036	-3.3111281924936815	-0.04296746158961867	-0.0220048680131593	0.6787813862035195	-0.021985791629935275	0.008312023130500692	-0.999723677566169	-0.47624932868963443	1.259838169833518
1620.0	790.0	-0.06440095636502821	-0.022049624118945572	0.6839229318627111	-0.04122871940181336	0.059920035797575835	-0.9973514229755338	-3.435222898015764	2.3671570276990535	-0.0005393963945446514	-0.025076850246140255	0.6781072045884349	0.012072851525212275	0.028852593110168367	-0.9995107696325055	-1.6533612635462938	-0.6920283633166684
1620.0	790.0	-0.045291375416456905	-0.02540970166583783	0.6774362779045449	-0.07313792724339999	0.013986087357451701	-0.9972237197363338	-0.8013699050113345	4.194650703973008	0.018785594638765342	-0.028019879069259977	0.6745012300203674	-0.08534073400334935	-0.017084489684510616	-0.9962053173623562	0.9789167789996811	4.89633516361613
1620.0	790.0	-0.043425785438590346	-0.031730198037540895	0.6763134297377156	0.04046381224192005	0.11889012417377283	-0.9920825666335114	-6.828052831048894	-2.3356134088926357	0.02051260684971553	-0.03571903370926108	0.6804675608367928	-0.12858806553148763	0.1050191299819605	-0.9861217126710264	-6.028268720973386	7.429322385240026
1620.0	790.0	-0.027917690665818225	-0.03220835460470955	0.678892652462566	-0.1097880729067599	0.0480832862251094	-0.9927913366054905	-2.756032054449859	6.310427543557911	0.035873912286738564	-0.03568719082295352	0.6725827622156932	-0.12287584714649318	0.024235637661157723	-0.9921260917436705	-1.3887357238128386	7.060189364247956
1620.0	790.0	-0.022651604538759126	-0.0343267505008737	0.6820757236000432	-0.10409852785409948	0.09237321672416984	-0.9902679441630547	-5.300151293353322	6.000982744967357	0.04126061182225325	-0.037052650103851656	0.6766827935249147	-0.226094258538917	0.044658337178070585	-0.9730811529231466	-2.559585513807772	13.080514810660551
1620.0	790.0	-0.010796523735746143	-0.036210208405523914	0.6881998685684423	-0.1921870509823655	0.0671546255457558	-0.9790579041918928	-3.850574509267806	11.10583385839	0.05294349957236246	-0.03935886342957413	0.6812298596847395	-0.20250763797344773	0.03267073152081523	-0.9787355674324536	-1.8722281926532125	11.689965581002683
1620.0	790.0	0.0009397242392774566	-0.03853824985020578	0.6877504456759632	-0.15931561771372513	0.0969595855335294	-0.9824547436576238	-5.564116562433468	9.210948819132781	0.06459349266146139	-0.04028077304334152	0.6795989426124807	-0.21197932132471042	-0.01803398984513236	-0.9771077123658941	1.0333275216909392	12.240392620453239
1620.0	790.0	0.0037494368250663487	-0.04546591606739813	0.6726305615517916	-0.06913681530208818	0.24169005943291644	-0.9678874035575359	-13.986310525725557	4.085734617351036	0.06758307394963892	-0.04979038797625223	0.6673531248846658	-0.1243720270239416	0.1787638262505068	-0.9759995229450988	-10.297764462197488	7.2620854219763045
1620.0	790.0	0.02427805082479723	-0.04970449262420585	0.7037298899366591	-0.22421283985788476	0.13146139960499365	-0.9656327249617468	-7.554049169752465	13.07202594687396	0.08719841275933195	-0.05323062398339712	0.6914873381077926	-0.13335575718216536	0.11413564703731588	-0.9844741007897108	-6.553773016070328	7.714267382923389
1620.0	790.0	0.040789877930631775	-0.06261974168850855	0.6952461556996277	-0.1439367186356015	0.18021260199025252	-0.9730393620281474	-10.382143511112561	8.414450323784724	0.10384187044333215	-0.06578424330502308	0.6835963577050249	-0.25608113790175574	0.1216722537022656	-0.9589673292386579	-6.988622926442593	14.951302107321279
1620.0	790.0	0.04498256982606552	-0.05317282806618283	0.7016286520058856	-0.1354327556026051	0.16312891998275358	-0.9772650392974078	-9.38855683983629	7.889992531124785	0.10821101802909877	-0.05881544216396313	0.6920573476226017	-0.2848306048441166	0.06597339144208172	-0.9563048708967519	-3.7827443398370044	16.585898650138628
1620.0	790.0	0.05895723211986924	-0.049746128926775136	0.7204866333896555	-0.2608033211905061	0.13558387388565107	-0.9558235466830262	-7.792383831666481	15.262046523300317	0.12118388232780768	-0.05344262275600614	0.7051417462643967	-0.25537553031234006	0.04280076186523968	-0.9658940780458395	-2.4530523638326924	14.809720011065236
1620.0	790.0	0.057775688656203084	-0.039216699734160254	0.7003846829272773	-0.26385525392305653	0.13763053903541828	-0.9546926981457681	-7.91075886007735	15.449583014748788	0.12009436996811126	-0.044592125932120114	0.6859357253056109	-0.3109292952542463	0.0514319563078281	-0.9490404349532449	-2.948134761027804	18.140085195979346
1620.0	790.0	0.056410435029780256	-0.03210830928815474	0.6876081539670784	-0.11043320250582336	0.2188250507769453	-0.9694947736206606	-12.640031952881673	6.498437950684922	0.11945479112072022	-0.03905432086873918	0.6776860719366402	-0.2430208749594303	0.10220084317900824	-0.9646220639133823	-5.865918959902322	14.140475423128994
1620.0	790.0	0.058373648627279284	-0.02595016629170902	0.7047872852386836	-0.14041402507364875	0.21459547464822212	-0.966557108073071	-12.391795781290217	8.265669963676515	0.12150452879181733	-0.03305151570478651	0.6955488638485477	-0.2953174284442839	0.0845864850387906	-0.9516473288198627	-4.852246571469132	17.240284278531355
1620.0	790.0	0.058903140674933616	-0.006143428825600671	0.7046713419214007	-0.2813829022809565	0.07061610437715878	-0.9569937196320536	-4.049374972300157	16.384810173753905	0.12155382828804605	-0.011030808964324089	0.6915453950755	-0.2781018571338941	-0.032878327107565	-0.9599887260855161	1.88412893706829	16.155923784767992
1620.0	790.0	0.052391657195492054	-0.00256012130409387	0.716648010744656	-0.1180226024236176	0.13236285634259656	-0.984149755131665	-7.606154162071804	6.8384478337623165	0.11492320837568396	-0.008856324018665047	0.7035541739504361	-0.23424661504752622	0.0850350215420802	-0.968451147265641	-4.878038747497243	13.597408012503578
1620.0	790.0	0.04178549365923005	0.006910602392886515	0.702394400530866	-0.1406406435777883	0.10928528246876007	-0.9840106516046045	-6.274116886450443	8.13396505187278	0.10482120860454607	-0.0013458459734111486	0.6934716585013595	-0.14299046782558975	0.07370497770486487	-0.9869758411835415	-4.226817035398031	8.243505821601207
1620.0	790.0	0.0439180524795766	0.016302290581312835	0.7453962023325202	-0.30030737866128693	0.028507950688525293	-0.9534163770581183	-1.6336065808893927	17.4834005984084	0.10660609149756697	0.011240327007845326	0.7325170753249393	-0.23774680580528593	-0.032191404588468864	-0.9707935553554037	1.8447503281030333	13.760865586794862
1620.0	790.0	0.0271010116195611	0.018936821637066087	0.7477935309135643	-0.13697963890392492	0.00351661103506435	-0.9905675841866312	-0.2014873857838526	7.873157714920442	0.09021185325658257	0.01239222194159594	0.7380223740572627	-0.19785961104660782	-0.010760249372981675	-0.9801713130128167	0.6165287732255116	11.412492262280006
1620.0	790.0	0.006926747903219666	0.020557193130232555	0.7473217766611568	-0.13956201780883334	0.032266812875601084	-0.9896874753304463	-1.8490731503714917	8.026710013645147	0.0698615480882	0.01380097204702035	0.7366049662229266	-0.11058661838477103	-0.044744445947928736	-0.9928587727266015	2.564524119565195	6.355524087838422
1620.0	790.0	-0.009518906893609583	0.013629625360501836	0.7176787885935128	0.01247620419279097	0.1054225235404424	-0.9943492558027992	-6.051510487323625	-0.718858421126826	0.05407672583054651	0.008287986806937086	0.7107255145736775	-0.07547267945308027	0.1350685145782542	-0.9879576701668537	-7.762581771921934	4.368490235308893
1620.0	790.0	-0.00984903076162501	0.02382736858795736	0.831919430822903	-0.08744224265883593	0.044677246784791375	-0.9951672231274054	-2.5606700369319304	5.021505101437714	0.0535798748161095	0.024943660343200377	0.822080048040146	-0.09599369783550257	0.10589069378403351	-0.989733495207923	-6.078485655400247	5.539758207463268
1620.0	790.0	-0.030272139094020763	0.012123660763474372	0.7450672762469936	0.07165473388849783	0.11028049108236496	-0.9913141525503983	-6.331484897913205	-4.134295907247236	0.03295241099693934	0.005613210851239819	0.7360364439844852	-0.049570323832535776	0.07485779102502602	-0.995961392230667	-4.293051361078216	2.8493359651556354
1620.0	790.0	-0.04102374691058591	0.0050918478455825675	0.7414578108844547	0.015078176457492667	0.07622079362144907	-0.9969769908260654	-4.371369431863672	-0.8664693591584409	0.022300231720059543	-0.0017874490917124293	0.7334556469488882	-0.10312477294816935	0.03308039804818518	-0.9941181968243868	-1.8957130505247783	5.922390315895101
1620.0	790.0	-0.04896706267793342	-0.008111933730583646	0.6985940446784722	0.05052303634225022	0.17429174136276843	-0.9833971109304239	-10.037444476660024	-2.941043699063311	0.014505195364656952	-0.016543705112921026	0.6939611930783864	0.021601681863721044	0.16154792993606384	-0.986628436079146	-9.29675503409778	-1.2542588926314737
1620.0	790.0	-0.046964999641259296	-0.008875810968342295	0.7435018780979656	-0.10279973542182966	0.08353864487795845	-0.9911879368595001	-4.791996493375935	5.921185483173382	0.01553029298775713	-0.01667028795839051	0.7310571944425723	-0.14369991295058068	0.030831208151422325	-0.9891409763668002	-1.76677808555153	8.265957923994485
1620.0	790.0	-0.04652221302684588	-0.015330252649405771	0.7167397549977326	-0.08386608368749839	0.1079962001916751	-0.9906075528529591	-6.199818138663342	4.83919322178256	0.016260543941812835	-0.022963913913683853	0.7057243899681842	-0.10900490733275009	0.03058952976130693	-0.993570439038453	-1.752924399332403	6.260897622658313
1620.0	790.0	-0.045656701470227594	-0.026069675308637512	0.6874178844894407	0.08300915429771144	0.1720039106546907	-0.9815926785459992	-9.904351138562214	-4.833761723122109	0.017614914672392033	-0.033414564712953954	0.6794153340236858	-0.041584679273724834	0.1015630361935917	-0.993959568162621	-5.829184161211763	2.395709032545556
1620.0	790.0	-0.04341183964952341	-0.03164311875978236	0.6939599947414568	0.002551273553111133	0.1403657003493005	-0.9900964773553219	-8.069008295859472	-0.14763902992183325	0.019875421872739343	-0.03832853081940671	0.6855152674975873	-0.08969079997034021	0.070252551377219	-0.9934889172780609	-4.028493057723476	5.158599161927586
1620.0	790.0	-0.03532649803104362	-0.04282273003064279	0.6795134573435829	0.09520081756048068	0.25942685002960547	-0.9610590837579863	-15.036056180254837	-5.657163318887839	0.027590718996645433	-0.04725531195499545	0.6675526194719212	-0.046694834979097405	0.12825457016633568	-0.9906413183545754	-7.368742225724877	2.6986944153192827
1620.0	790.0	-0.02436825641934968	-0.03606459926444115	0.6851508560958389	-0.09308458308679313	0.06537880514734253	-0.9935093499913741	-3.7486033434793775	5.352571130315644	0.038662517430876696	-0.04230748224513778	0.674689805309778	-0.18172922539430453	0.05516605587836119	-0.9817999518424033	-3.1623875718404286	10.486648232354773
1620.0	790.0	-0.015161212185541641	-0.03637804003031787	0.6753443383719739	-0.18068340721631818	0.09968616536855768	-0.9784764338354206	-5.721098776586073	10.462264951467425	0.04767615000490927	-0.04163941656851774	0.6632998602393619	-0.1832685949220383	0.0355759113819224	-0.9824189090417002	-2.038779790904057	10.566970712476607
1620.0	790.0	-0.0094548807542336	-0.04423647193726478	0.6637722953293752	0.04144688675459375	0.2722048502590717	-0.9613462820936209	-15.795510508521968	-2.4686858555920863	0.054431628276522065	-0.04907422474771811	0.6597231305728202	-0.08919505156227753	0.15395485284724097	-0.9840437312406548	-8.856186185201672	5.179213817661523
1620.0	790.0	0.0023501675237319573	-0.03593942681942591	0.6723433888103133	-0.20077608846663847	0.08667132324907104	-0.9757955988351802	-4.97213937841783	11.626705014396276	0.065056260060143	-0.04142309541672648	0.6597274876872213	-0.18111274366198865	-0.010922691556979815	-0.9834016814990377	0.6258365718174089	10.435210169233569
1620.0	790.0	0.010812791776693484	-0.03495182830752616	0.6742755885625044	-0.15020857701470422	0.1060930403718418	-0.9829454146575429	-6.090144937676835	8.68842569950789	0.07411608131117718	-0.04076206302995345	0.665319008288693	-0.23577459890483982	0.04713240005686012	-0.9706641332416288	-2.701488441343584	13.652753544360769
1620.0	790.0	0.018754812929931586	-0.036645185043412416	0.6782367173776838	-0.24709346737032958	0.08981384574401788	-0.9648203199295646	-5.152897867110763	14.364879860258434	0.0812538779127829	-0.040563841960743315	0.6641017738740407	-0.23067580776322344	0.04268897114555784	-0.972093743296179	-2.4466413678840544	13.349256966093453
1620.0	790.0	0.02274501590380336	-0.038074694558532	0.6847402370577296	-0.22278060564192614	0.09567831689081915	-0.9701620259051158	-5.490362352923894	12.932757563409337	0.08530629178432267	-0.04189501901462486	0.6708558031524768	-0.21780022232419266	0.04175026989010193	-0.9751000010501573	-2.3928097470010288	12.591020385204864
1620.0	790.0	0.02799801361477338	-0.03770999197787562	0.6713547479919221	-0.23527554056962025	0.08195794771725569	-0.9684669187510022	-4.701117536390677	13.654689018794599	0.09102821601222572	-0.041352527127291774	0.6597267151815512	-0.23162749802388236	0.03948892290991289	-0.9720027632784152	-2.2631370602398495	13.403557417865038
1620.0	790.0	0.040448872540304055	-0.038841545914626685	0.6745421594832006	-0.2949739731448952	0.055079472844455614	-0.9539164690528068	-3.157419175392125	17.1828697712811	0.1033612205966352	-0.04216614666631684	0.6622024222291701	-0.20776387332831897	0.04004888821292775	-0.9773588340238685	-2.295246110534348	12.001112803173214
1620.0	790.0	0.05213376638434147	-0.03770437451752916	0.6790329830627235	-0.23325711020673648	0.10195437343990238	-0.9670555345722658	-5.851723131247496	13.56091151697845	0.11454532848067601	-0.038461173472675275	0.6640159994889673	-0.240777739974122	-0.006969774313856744	-0.9705552774411499	0.39934188557582806	13.932792671865165
1620.0	790.0	0.051889270938546686	-0.03596800377829362	0.6762021857653527	-0.24817846056172316	0.11152022393863807	-0.9622736458763537	-6.402957238040208	14.46190772633783	0.11432972528000296	-0.03894048876089187	0.6615857697108494	-0.24187970940150016	0.034159887487901025	-0.9697047200537299	-1.957598227195632	14.00585011973672
1620.0	790.0	0.054063505560191405	-0.018831888859689852	0.6958012368782417	-0.21787154147934715	0.12502696661424295	-0.9679361317493669	-7.182313071516032	12.68522379920743	0.11669748214177168	-0.0232318308510623	0.6824254710434116	-0.2580398102302887	0.015087118834336978	-0.9660165096043074	-0.8644610312714816	14.955524606053254
1620.0	790.0	0.055517215736087755	-0.006111181387322686	0.6950583148324421	-0.12156248015503185	0.09970704322120887	-0.9875631630687075	-5.722300978941337	7.017430153543542	0.11734077585151778	-0.0073822756433860465	0.6778096233555906	-0.31561370485172	0.09808827052962915	-0.9438043952221911	-5.629095194087107	18.490236290552676
1620.0	790.0	0.04048881300961292	-0.0013854723052963442	0.665947718863681	-0.03957260973454186	0.18706927326289519	-0.9815492766172763	-10.781799509824713	2.308713695929058	0.10390286122731138	-0.005917782564395027	0.6570369233898592	-0.14555970399894183	0.13840654092812218	-0.9796203500600057	-7.9556501198988325	8.45162072998486
1620.0	600.0	0.013854428292096842	-0.03055160503163414	0.6362246984545459	-0.1720638887569285	0.12073528523715368	-0.977658954054253	-6.93453986638102	9.981596956132316	0.07747990047492005	-0.03697597800933952	0.6305844551110615	-0.19767282737247815	0.020556548947008466	-0.9800524762498831	-1.1778864628672343	11.403347284603198
1620.0	600.0	0.012695678869203367	-0.028881143577168034	0.6345019967951044	-0.13760260004567645	0.11755719302426262	-0.9834865823886036	-6.751142120404013	7.964723816684581	0.07609338205589714	-0.0364645972710384	0.627830558843478	-0.11690854752215406	0.01586886365206487	-0.9930158536530093	-0.9092570773008936	6.714569085675685
1620.0	600.0	0.013662290713305155	-0.0305902980870947	0.6300736539009802	-0.17107258505501538	0.09240195038037324	-0.9809159417739065	-5.30180468192609	9.892934058960163	0.07723581332455753	-0.03746160443314165	0.624374707023446	-0.15479163138757931	0.013193908758176942	-0.9878590455611859	-0.7559772215280256	8.905493127660504
1620.0	600.0	0.034880439586597166	-0.0343715996973917	0.6415390918623673	-0.2489993167009076	0.08664144120588	-0.9646203883782548	-4.970420798609915	14.473915071860219	0.0983709961026921	-0.041440873465179495	0.6351939972775544	-0.23269634337218914	0.09229894877774904	-0.9681597290751603	-5.295877796657587	13.514645706716978
1620.0	600.0	0.05095860765282201	-0.06021531947054196	0.6784733127690554	-0.185165697178509	0.13592731543387315	-0.9732612440966758	-7.812245454803867	10.771947302338264	0.1134518016213704	-0.06816797092239119	0.6661184891720798	-0.2271900696650999	0.07333668959778829	-0.9710851764510936	-4.205658419139718	13.167788305838581
1620.0	600.0	0.04119074699250693	-0.07092601026586312	0.679200069901654	-0.04087297540018443	0.0867225544710604	-0.9953937064922207	-4.97508580530499	2.3513651993952513	0.10430036606892454	-0.0754517591842435	0.6683382468329954	-0.04209022301337831	0.09843699584413391	-0.9942527902058264	-5.64917284838622	2.424084781748666
1620.0	600.0	0.029943660271663893	-0.03233952525663959	0.6561879551921708	-0.1931989926568604	0.1501585130518043	-0.9696012276471012	-8.636112730422111	11.268945510152184	0.09259846778956997	-0.03727407395920137	0.6430993743824044	-0.23192118272894155	-0.001195031081847986	-0.9727338343958332	0.06847025367390243	13.410216155815274
1620.0	600.0	0.017327497732870876	-0.01901609869953181	0.6318433907811697	-0.1495302547779121	0.1079209993106267	-0.9828497779107553	-6.19548411488661	8.650613601637762	0.08062331320620511	-0.025404538998310043	0.6232344885438243	-0.19026149698485356	-0.035272937878771324	-0.9810996040803428	2.02140978565943	10.974959201361484
1620.0	600.0	-0.011134148885471878	-0.015259153777092874	0.6264228113332424	-0.07770979764714607	0.03905274596812476	-0.9962108988895677	-2.2381266692209048	4.460346164408342	0.05244816424265315	-0.022405125054918172	0.6211777969966409	-0.131692386891313	0.003417696111572145	-0.9912846806730122	-0.19581994406988237	7.567444736001642
1620.0	600.0	-0.026298669293457425	-0.01472247374519671	0.6243238277336527	-0.046006776534123946	0.0309967933838672	-0.9984601154182072	-1.7762699571896652	2.6381934673803045	0.03683190692456688	-0.020547211422817804	0.6142298492818863	-0.09774368842797077	0.0015803439183515802	-0.9952103353455233	-0.0905470743907614	5.60926396626734
1620.0	600.0	-0.042438757693221654	-0.015394905082832689	0.6279929660250139	-0.0010654277162246567	0.01721268268934536	-0.9998513267491596	-0.9862627773578594	0.0610535654431854	0.020790653241175888	-0.023582565190167465	0.6204903372541465	-0.07864783689591026	-0.008912398194822431	-0.9968625682358715	0.5106495622762343	4.51102736624745
1620.0	600.0	-0.04130515980151895	-0.029157548404538554	0.645200042452323	-0.03317744789737272	0.13334172085431187	-0.9905146631616681	-7.662740560137651	1.9184141218836	0.022183569339330817	-0.03773467312840105	0.6410891025149461	0.008324808559051829	0.034345409716815864	-0.9993753566005915	-1.9682341090066617	-0.4772634833114556
1620.0	600.0	-0.026162985297156206	-0.05586466090208021	0.6725848368219395	0.005900077122887856	0.1184099688993292	-0.992947253316984	-6.8003462444210845	-0.34044662329568814	0.03744164983142892	-0.06453979056115608	0.6732763129063979	-0.11216256665898136	0.13178125331780266	-0.9849128247344118	-7.572536274178139	6.496894555113688
1620.0	600.0	-0.014398067667737864	-0.031081424427708636	0.6416372755789659	-0.07629854720822922	0.099807866198973	-0.9920770985476836	-5.728106670089386	4.397839800086369	0.04890718863920947	-0.038349382506454574	0.6338329861881951	-0.11915423640075802	0.013636864870961427	-0.9927820954933917	-0.7813590216248304	6.8439331719509555
1620.0	600.0	-0.01147526886762054	-0.016060685788727522	0.635526326399167	-0.06985610179820083	0.015989125768092735	-0.9974289793884429	-0.9161484633298114	4.006235003441015	0.05171749314932059	-0.024497560702731222	0.6279911028475198	-0.10564917873782383	0.033715440042382604	-0.993831738607811	-1.9321185866346366	6.068032575440533
1620.0	600.0	-0.002247422501884153	-0.012899464991370017	0.6477591080443543	-0.08452057040531497	0.00962533913101509	-0.9963752529138898	-0.5514998246276426	4.8486814741832545	0.06084500066757318	-0.02050195001944214	0.6386577903583452	-0.16078361601644597	-0.01109101347112721	-0.9869273685701823	0.6354812913594599	9.252957075068279
1620.0	600.0	0.019961400367587413	-0.03326892330394417	0.6828043544341901	-0.1722287553054723	0.10168416278434857	-0.9797946967787199	-5.836160319777795	9.969627638278615	0.08347724825513246	-0.03882836434547726	0.6753133394128759	-0.19249614839297213	-0.0020759488041744087	-0.9812955894822144	0.11894319039673222	11.098516129843391
1620.0	600.0	0.018644803569003433	-0.030505063756577966	0.7125430994530567	-0.11538972537621818	0.09518374282151823	-0.9887493377657897	-5.461895423997871	6.656462331297409	0.08206593861800685	-0.036213005109281576	0.7043905134689799	-0.15777257066041253	0.020897743706767048	-0.9872543302432457	-1.1974396833140195	9.079631361661258
1620.0	600.0	0.018683169300697	-0.021519625524867053	0.7463713872032092	-0.06980252071198521	0.05488126829537042	-0.9960500938056266	-3.146045688097315	4.008695883067803	0.08257110901108405	-0.027168034352538013	0.743594291436939	-0.22955754193838487	0.0662960542269176	-0.9710345690301048	-3.801272118511356	13.300821279439381
1620.0	600.0	0.01564158038211371	-0.024770640363346717	0.7561687804765771	-0.1281742606000636	0.01947350703336305	-0.9915604525649956	-1.115820296001608	7.365507010719243	0.07942899272950033	-0.030249769648962036	0.7514326647776544	-0.12110364131171683	0.03563217721228434	-0.9920001677619537	-2.042005630778081	6.960242651007498
1620.0	600.0	0.01692698350030378	-0.026357414351018925	0.7758124098762165	-0.15204433670918735	0.08938711717087211	-0.984323378492874	-5.128349381461005	8.780843451069908	0.08039269658844705	-0.031261899270559154	0.7674856509926482	-0.15718974958247472	-0.033724245971457886	-0.9869924137066635	1.9326234162896514	9.04900733439491
1620.0	600.0	0.015994541110886613	-0.03263649646321497	0.7741353783439959	-0.07695925372547521	0.10254745762089668	-0.9917465772874905	-5.885883398519315	4.437243924581719	0.0799305015547772	-0.03842234356511631	0.7741859653806651	-0.03777998376721918	0.022840285789554778	-0.9990250348349047	-1.3087657879675023	2.1657141090143783
1620.0	600.0	0.016818493654082715	-0.04191358723060164	0.7680698525271125	-0.1428368673693924	0.11323629307827224	-0.9832472972704926	-6.5019075706074085	8.265568340154138	0.080538415336429	-0.04759176092909698	0.7627018409899629	-0.15776132370395307	0.051329761127545545	-0.9861423399879549	-2.942271664127465	9.089061720605532
1620.0	600.0	0.020416893859080448	-0.05157317237168147	0.7694819987820742	-0.15980156309667112	0.09154622658455089	-0.9828950868277353	-5.252566618024172	9.234492762757295	0.08437065927247017	-0.05696180157407829	0.7680108807087054	-0.15494974380879595	0.06380299910636263	-0.9858598913911539	-3.65812736905508	8.932229426232524
1620.0	600.0	-0.04152413026273851	-0.040999570573265615	0.7223239803773455	0.06448257707341998	0.14631722704420558	-0.9871338608103418	-8.413564332902098	-3.7374241056254407	0.017638959468678557	-0.05043894853750319	0.6992607503195638	0.08860898299406908	0.09209437390167219	-0.9917999084262189	-5.2841063830439765	-5.1053414862401025
1620.0	600.0	-0.0017823323540485086	-0.055522201801053245	0.6936060537105209	-0.08323908525963394	0.1366464263690609	-0.9871165191844163	-7.853835537167327	4.8200914459063515	0.06108153120477919	-0.06229228565264086	0.6824891185790573	-0.16290350742645446	0.053452387178574076	-0.9851930776453959	-3.0640564552169733	9.389009743806907
1620.0	600.0	0.0014267810878721403	-0.05870453216653728	0.6799973869280099	-0.08916222253473213	0.08784636729758087	-0.9921355965262433	-5.0397222302684	5.135318379316389	0.06478716017384797	-0.06613610636506476	0.6728196651006599	-0.23594450572206507	0.06682035568716574	-0.9694664509505323	-3.8313791407197306	13.678468249931527
1620.0	600.0	0.011740714406920282	-0.06520173549169923	0.684631793576358	-0.12001705181699425	0.11622744378483131	-0.9859447478092215	-6.674427183256307	6.940353270951756	0.07517393275688253	-0.0722636465802805	0.6777294863417743	-0.22830960129361716	0.05584348790800949	-0.9719857237964195	-3.2012614959870946	13.218571348461369
1620.0	600.0	0.011273500403563312	-0.07280343660955381	0.7055784312812157	-0.08920658732026886	0.11703921813299686	-0.9891127253035247	-6.721258047303142	5.153477524908943	0.07486400999817844	-0.07977119176036249	0.7001948357101182	-0.2056516637959973	0.09075533339379276	-0.9744079532403244	-5.2070623453176585	11.917547776905154
1620.0	600.0	0.01520953942434609	-0.06831154346411361	0.6941078378951173	-0.11246342350360136	0.11953815968291207	-0.9864393688290835	-6.865449221292186	6.504177345269301	0.07853726129416008	-0.07612135821453478	0.6870444067203139	-0.19571037331744298	0.09026168280926805	-0.9764990060452262	-5.178661684638279	11.333094246581787
1620.0	600.0	0.010985674549232735	-0.0519516633431831	0.6762663851745758	-0.07676508968060058	0.04734417456686605	-0.9959245863364825	-2.7136357877006736	4.407598927453896	0.0744264818567216	-0.05929882891343357	0.6697419120253483	-0.20535634804815922	0.019899664445663184	-0.9784848991475474	-1.1402420502460782	11.852741679516157
1620.0	600.0	-0.0003652446262046704	-0.05170020403791841	0.6684282479523302	-0.08658072359963676	0.1006630671538767	-0.9911461484380811	-5.777354099674123	4.992351068829232	0.06292781376478582	-0.0591936658782272	0.6607391379401049	-0.17196678423064488	0.014908716631105157	-0.984989889952694	-0.8542381881416587	9.903303891310477
1620.0	600.0	-0.025951890380034964	-0.049313620198938674	0.66380945602758	0.04934096849977875	0.025593840448765816	-0.9984539805770644	-1.4665791814507965	-2.8291051960282467	0.03771218584547534	-0.05656123923892367	0.6598543276831061	-0.19342136906132584	0.006700891515186602	-0.9810928494573783	-0.3839356760750066	11.152773231650164
1620.0	600.0	-0.04632897946652525	-0.047738618324437446	0.6586979496728465	0.0222790348553982	0.040464422048778745	-0.9989325672859988	-2.3190737610994643	-1.277646884123607	0.01731156230163851	-0.055750821420068146	0.6560575579165777	-0.16630607116860407	0.01257701970388539	-0.9859939292123504	-0.7206291470945679	9.573879952881207
1620.0	600.0	-0.05504770027715545	-0.04559556740022752	0.6553135019625829	0.09150130458622521	0.021599269298414735	-0.9955707297947098	-1.23764321671437	-5.251210180991488	0.008423556300102362	-0.05430313202881125	0.6512069790586477	-0.06165871967662571	0.011335762212942219	-0.9980328870569528	-0.6495052430556446	3.535254274427346
1620.0	600.0	-0.056892075726682596	-0.0490335998662975	0.6626134694506275	0.05310595867127961	0.046741273087050644	-0.9974943910856416	-2.6790537904344514	-3.0475132373430536	0.006772221977379422	-0.05720684647654056	0.6614555137889919	-0.09161188212604636	0.05944503918160315	-0.9940188918729254	-3.407958995979168	5.265682433195352
1620.0	600.0	-0.05480823221671446	-0.06233087672414498	0.6870125750109551	0.025217412462683046	0.1377292089364182	-0.9901488507795589	-7.916466584889506	-1.4589109821733166	0.008839210859727753	-0.07049153508667634	0.6850910473534139	-0.07888318378258881	0.04147985573220837	-0.9960204716354982	-2.377302723531101	4.528279624625348
1620.0	600.0	-0.050309788744784395	-0.07664853535266111	0.7070607457195945	0.015261735331293248	0.13938425682821837	-0.9901207768691415	-8.012217420538036	-0.8830880031147726	0.013158605470183857	-0.08598381000095434	0.7046315057907448	-0.10996116824689561	0.09466376987432906	-0.9894176588883501	-5.431968032542896	6.341671728395262
1620.0	600.0	-0.048088671519850724	-0.06914582246752388	0.6882762653738178	0.05094169452044836	0.14257465826080207	-0.9884722914201856	-8.196858136686894	-2.950172940978644	0.015253657115171893	-0.07923020228938281	0.6855669646672002	-0.09661443593386727	0.07674924000857311	-0.9923584835061169	-4.40173613214552	5.560700384742047
1620.0	600.0	-0.04869485751208646	-0.05888381907377968	0.6842269407165958	0.045741678296694024	0.11683850786449324	-0.9920970189932115	-6.709678751780969	-2.6398127949596897	0.01478332375494952	-0.0683124024993576	0.6825216720474885	-0.17761420256044588	0.049393294409815595	-0.9828598571577404	-2.831179306223703	10.243462370453464
1620.0	600.0	-0.04932007913965131	-0.043721059033479795	0.6749027901818094	0.041764552967851525	0.20531869931011704	-0.9778036016071642	-11.848156034683688	-2.4457662139421483	0.014216097291102785	-0.052910081025427665	0.6749450158752578	0.005226131397794109	0.20695764460709143	-0.9783359738209962	-11.944121761580927	-0.3060629805741414
1620.0	600.0	-0.045386026197960117	-0.029814598474669607	0.6514163327186242	0.06291627547721346	0.03359375655404611	-0.9974532250573117	-1.9251426846280633	-3.609259547728855	0.018226642181290498	-0.03829482481259847	0.6497430704718182	-0.10957510220923376	0.013697499056409483	-0.993884157574802	-0.7848334290564231	6.291415138224074
1620.0	600.0	-0.043711840561585946	-0.02091940568517918	0.655861460481582	0.09087140146820355	-0.007961247783711607	-0.9958308156942944	0.4561507163346314	-5.213905824850391	0.01993807544031567	-0.02926591745174436	0.6553050812053156	-0.12310518979182716	0.00027460829267644815	-0.9923936356335525	-0.015733896387401865	7.071345960161193
1620.0	600.0	-0.0327467648152049	-0.014450360676481474	0.6511402540396987	0.04920438588782483	0.04591949197031597	-0.9977325536193707	-2.6319185842872987	-2.8233231907774616	0.030789825695876575	-0.0226883213866287	0.6470753686559736	-0.13918098631382003	-0.03973632288038907	-0.9894694068632905	2.2773231689422477	8.006821342858224
1620.0	600.0	-0.017707148455755148	-0.016867554166337607	0.6490441271231441	0.04644110752993312	0.020044697861821274	-0.998719940173663	-1.148553510723942	-2.6623720563556295	0.045875332591336596	-0.024599156591113284	0.6447109929850148	-0.1684212573612725	-0.061780080803892565	-0.9837771344223128	3.5419934968228004	9.71477722986572
1620.0	600.0	0.002743011310126218	-0.019451374102022283	0.6514494719109125	-0.07324393340604278	0.0606092289437333	-0.9954706971112688	-3.4747826597805025	4.208079578533855	0.0665159287045779	-0.02640809765622895	0.6490195278769086	-0.22076166302247324	-0.029962379090097947	-0.9748674421457648	1.7169748320975622	12.759598414717622
1620.0	600.0	0.016049263426060743	-0.02277081916796108	0.6463815284480574	-0.07936419673361428	0.06597386906864018	-0.994660135267237	-3.782771765573606	4.561980604655149	0.07975323371194654	-0.02909883025252971	0.6415808962869607	-0.2875854010774215	-0.013791639175722806	-0.9576556942962736	0.790227770133058	16.715089029245824
1620.0	600.0	0.03550848262504773	-0.02810646315717157	0.654828304175245	-0.1327447338477456	0.04745143543492614	-0.990013743968045	-2.719788297602689	7.636882677479264	0.09939922448668805	-0.03315265813799419	0.6511141899871293	-0.359179144546575	-0.015114248435189756	-0.933146218453021	0.8660156201573277	21.05231256258999
1620.0	600.0	0.04634412183025935	-0.0315209037332738	0.6487136533340985	-0.181255353574232	0.057097774809689736	-0.981777158726511	-3.2732417081762732	10.460145322080045	0.11008338428624731	-0.03634117826497159	0.6427674782085789	-0.3552387901307206	-0.00776078841340376	-0.9347433162085368	0.44466488554048905	20.80873687394849
1620.0	600.0	0.06595661163375267	-0.04061373497824397	0.6504589717768352	-0.23966055541036835	0.08635563396357683	-0.9670085207585849	-4.953983642987802	13.919547119021887	0.12975844751867469	-0.04417409099433248	0.6442998138498308	-0.3574628515282182	0.04870766059918842	-0.9326562956985008	-2.791848038794499	20.970526274501914
1620.0	600.0	0.07285216572254147	-0.05193201258348863	0.6531333561417836	-0.2726240089182258	0.07298632221463733	-0.9593483517524578	-4.185529904417631	15.863890227282676	0.13684697672553192	-0.05423998965816762	0.6485920974911572	-0.3834584813809533	0.0505664505754157	-0.922172792742553	-2.8984803182241436	22.57854948943369
1620.0	600.0	0.08263442102709911	-0.07602004020360068	0.6921357016685015	-0.284002626631335	0.15828209407577054	-0.9456686603529604	-9.107196866058608	16.716030995240008	0.14669026468991306	-0.078319238927342	0.6885512628712156	-0.3928137855578938	0.10419019370285268	-0.9136967174157321	-5.980512171285451	23.263693022372323
1620.0	600.0	0.07198120691876635	-0.09349093709793038	0.6975000246684502	-0.1748549075946218	0.1814643736467253	-0.9677274779221149	-10.455067053804825	10.242046318023753	0.13597471813890685	-0.09807337967040852	0.6952378652122471	-0.3271844135379497	0.07617157744763688	-0.9418854260550658	-4.368541331092522	19.155783988627498
1620.0	600.0	0.06530953182060398	-0.0803614855276869	0.6719606450174004	-0.1916465454803029	0.16209527683658626	-0.9679859298802863	-9.328534555041568	11.198870528969715	0.12906085430390313	-0.08577366087085338	0.6666915973517573	-0.3471345223307104	0.11913653629041535	-0.9302172572475303	-6.842272267813399	20.464354716320297
1620.0	600.0	0.05760878404592999	-0.06034182373252406	0.6632338066432542	-0.18027939701559997	0.15611584822607139	-0.9711473112418659	-8.981517517255249	10.516419540136669	0.12154073748116956	-0.06554752001063127	0.6606086057305506	-0.34661314422551887	0.08759121437626184	-0.9339095543569872	-5.025046473735465	20.362009661378234
1620.0	600.0	0.05320249865637613	-0.0477210751340349	0.6584015420014786	-0.1467554730824014	0.1392167433440999	-0.979327099303977	-8.00252510631893	8.52254941828563	0.1167090644233633	-0.05450336868927147	0.6519052182540404	-0.34289058023987373	0.09232810433370908	-0.9348270109148527	-5.29755545056261	20.142822890688983
1620.0	600.0	0.04678594693001829	-0.03407706424971571	0.6515397321976739	-0.17054215560887617	0.07409416518858085	-0.982560657490831	-4.249176974838999	9.846677104249034	0.11021267652074251	-0.04153158930255623	0.6450001868557314	-0.31584849281495475	0.03477020772645882	-0.9481723586755606	-1.9925877887282681	18.42358381143026
1620.0	600.0	0.04283871057871676	-0.024389135370282596	0.6524051580755652	-0.2109121336702785	0.05323280620545867	-0.9760544884364564	-3.05145745459771	12.193364658766232	0.1065012309282119	-0.03133922821362791	0.6479257233080307	-0.37375166569845	-0.01092142241022493	-0.9274644430425227	0.6257638507271442	21.9485576035943
1620.0	600.0	0.03729784755982068	-0.014636460500357367	0.6464985139944729	-0.1521323876107703	0.03225123933158524	-0.9878338138427788	-1.8481803873818337	8.755111818587132	0.1010599762078036	-0.021074225405406908	0.6427260139052766	-0.363402228728553	-0.027191783360935556	-0.9312354889914394	1.558166480510154	21.31755225373253
1620.0	600.0	0.02556164722525381	-0.010828757397133904	0.644866552294429	-0.09975433231065095	0.01046110076960907	-0.9949570658482582	-0.5993878557966171	5.725338567913841	0.08926009040136863	-0.017795380521370703	0.6409601315795392	-0.3115592342017046	-0.008889700140201493	-0.95018516605533	0.5093490080216526	18.153964368256666
1620.0	600.0	0.011623763577749465	-0.010259384847937763	0.6426224264566514	-0.011813489329110369	-0.04562017642359217	-0.998889013630845	2.614751075309408	0.6775843120439563	0.07518104563356391	-0.017996358553173095	0.6379430291471954	-0.25247255389644957	0.0020603125677518368	-0.9676018298084819	-0.11804729812629963	14.623905766568933
1620.0	600.0	-0.008280498958755938	-0.011688607723938543	0.649847236932453	0.0028441752310057813	-0.02720323806263795	-0.9996258650652182	1.5588230294443375	-0.1630197885929071	0.05542087870652599	-0.019255004630819774	0.6473633397908106	-0.2109326437687839	-0.034696743892682444	-0.976884624833154	1.9883760798053594	12.184462006380413
1620.0	600.0	-0.016794553867734076	-0.012362415513666356	0.6425613702372	-0.032139155495912	-0.010885472400661705	-0.9994241040158548	0.6237039444558172	1.8418643293308348	0.04672804601567178	-0.020566993156131422	0.638219730756648	-0.191968499055584	-0.024933037908115373	-0.9810843828976379	1.4287058960117185	11.071170408380244
1620.0	600.0	-0.023288578886882287	-0.012484337958110457	0.6542647091693847	-0.03633248172860622	-0.005245817920139409	-0.9993260130362771	0.30056460544864044	2.082184737224225	0.04038293836690226	-0.02041207449159786	0.6521731767947307	-0.2020981721881852	-0.05554216571336921	-0.9777890485850022	3.183970168891822	11.677961168523614
1620.0	600.0	-0.03402333176777069	-0.012892875849076462	0.6510030367948458	0.020127625166559242	-0.00852663971912659	-0.9997610609627771	0.4885463893021656	-1.1533477845028028	0.02947774428948023	-0.021375171968814242	0.6468860456938212	-0.202615330834919	-0.019709927349942175	-0.9790600231942442	1.129368782808202	11.692241769540772
1620.0	600.0	-0.046275598158953546	-0.012259761271978122	0.6538885709908385	0.020948645238694677	-0.011195874304329709	-0.999717858757665	0.6414897476065821	-1.200432019587918	0.017218553766655036	-0.021440102688440054	0.6515434427763204	-0.11782929246497147	-0.030515460720035033	-0.9925648593610392	1.7486785737678316	6.770009171858872
1620.0	600.0	-0.052854649800769156	-0.012068064648733674	0.6585780747883114	0.013967001972791618	-0.01671883969136157	-0.9997626995501082	0.9579635844721888	-0.800388142502831	0.010486315992743762	-0.02201373214145186	0.6553700576301722	-0.11749209974993338	-0.006111620634581261	-0.9930550475432726	0.3501722483031723	6.747512880356026
1620.0	600.0	-0.058299765269177205	-0.018816288932284927	0.668427562520072	0.057078089166810654	0.0317781159370737	-0.9978638108111973	-1.8210585107277877	-3.273767279422944	0.005138898293080518	-0.028298931680034268	0.6658005726893281	-0.09315649460167241	0.00459613004487433	-0.9956408708721527	-0.2633397808197663	5.345280784205352
1620.0	600.0	-0.0617678017022979	-0.03234229175526093	0.6759599520364311	0.10197506059907387	0.07334457218997861	-0.9920795089352425	-4.206111277975484	-5.86877625692986	0.0018194567495616772	-0.040953824850253	0.6740137547319758	-0.10117086736410001	0.0671391211537061	-0.9926009971542749	-3.849684163620037	5.819775160984122
1620.0	600.0	-0.06271469359273998	-0.05106947414830816	0.7032927447353378	0.030060178850699476	0.08132716569851806	-0.9962340077765428	-4.6648553332627625	-1.7283077574791208	0.0008528034787728227	-0.05998626195651956	0.7023181500174456	-0.08218699259339944	0.07436918108883835	-0.9938382605803204	-4.264977819434393	4.727406248028328
1620.0	600.0	-0.06360009662333008	-0.06233383352491975	0.7250802628995451	-0.005277031642588331	0.16553599678565317	-0.9861896526293931	-9.528373018267187	0.3065827703944263	4.689054698521489e-05	-0.0705888474819931	0.7265639718763481	-0.10714314264652151	0.06074544946913511	-0.9923862073747776	-3.4826019285038585	6.162079664250194
1620.0	600.0	-0.05323608025609856	-0.07866973205054001	0.7460418213994562	-0.029218900985968077	0.13022490087549404	-0.9910538326763991	-7.482588666223189	1.68874267243014	0.010497074677585212	-0.08624600481829756	0.7474456293511345	-0.07374420535843337	0.10221764097739117	-0.9920248450032357	-5.866886469779554	4.251379974646846
1620.0	600.0	-0.06162633584104921	-0.05003814132714336	0.6787511499177377	0.008610143416958982	0.09200409054973963	-0.9957213936844852	-5.278911472801867	-0.4954323434976095	0.002319349190512684	-0.05525940868121182	0.6809812523098309	-0.13882729966292556	0.062539347131661	-0.98833995228436	-3.585580541956108	7.995746398105464
1620.0	600.0	-0.07011804937185433	-0.02479020210343659	0.6583781741648429	0.07521796338409002	0.05770476464924801	-0.995496056876855	-3.308077101752274	-4.320959800641623	-0.006349085500616481	-0.030988254465659965	0.6624265092944364	-0.10164933469431546	0.0003818722543815489	-0.9948201697275209	-0.02187966902098123	5.834155133997424
1620.0	600.0	-0.07201811099291269	-0.007904888059128892	0.6452253576523156	0.06787365492413343	-0.015633790707487095	-0.9975714390049722	0.8957867185371527	-3.892342461977553	-0.008302536111378524	-0.01489303825770294	0.6487998363465284	-0.10756134042635818	-0.009017187309431532	-0.9941575091289713	0.5166537775617573	6.175008844178808
1620.0	600.0	-0.07138581854450317	0.003975032773026641	0.6371893783904979	0.10901349668251653	-0.05530005362150043	-0.9925008231934552	3.1700768147007126	-6.268081249681117	-0.007652119397113995	-0.002995661165411936	0.6404620902055376	-0.14641666020123642	-0.029073276122208044	-0.9887956725442628	1.6660107754167706	8.42290992299643
1620.0	600.0	-0.010877733172032708	-0.05453850213857642	0.6407535013987841	-0.2222642154503453	0.08546797680742135	-0.971233141710898	-4.902935896079599	12.89002960472752	0.05150112772799518	-0.060084728285968295	0.6548745039111611	-0.2768353765992692	0.07673131253808373	-0.9578489199541511	-4.400705925791159	16.120234519738652
1620.0	600.0	-0.0097934950579503	-0.05430578777352883	0.6308793925016706	-0.23426901425740904	0.08319287744284551	-0.9686056695403589	-4.772116275836413	13.596571085060805	0.05268958379110461	-0.059983638106942516	0.6444776459465709	-0.2540868887642921	0.06448182021996082	-0.965029494582819	-3.697101211342142	14.75087871278649
1620.0	600.0	-0.011966855184772064	-0.05590783268188411	0.6329669727416074	-0.22990678372045503	0.07965253936943842	-0.9699475987799665	-4.5685939739474	13.334730434716704	0.0504145845189637	-0.06253220488887631	0.6466036621114659	-0.19048894397181282	0.10960271386444168	-0.9755517547742427	-6.292414278894354	11.048712723452928
1620.0	600.0	0.013389667743406209	-0.02952459873463832	0.7360490078116808	-0.11800214878368925	0.032605767965482174	-0.9924778677566053	-1.868504071011028	6.780437162119315	0.07738890452922867	-0.034498614483030335	0.7352474581971362	-0.24121919241900203	0.016442360889402867	-0.9703312893615471	-0.9421203380115185	13.960435726792452
1620.0	600.0	0.0069184581266986	-0.042939124626026504	0.7004115365055634	-0.19913897627241234	0.10401682408314336	-0.9744353180866736	-5.970524555739489	11.550121848659877	0.07069828938439712	-0.04732933090458473	0.7062548948882754	-0.3460564031982615	0.017798693638153527	-0.9380448524990364	-1.019843877797614	20.249644450143787
1620.0	600.0	0.003793655254565086	-0.04338636121397865	0.7086659497452688	-0.1956436121516541	0.08640460652929982	-0.9768611847911406	-4.956800091490611	11.325236418249942	0.06766461487184229	-0.04845662934302005	0.7126757530179211	-0.27249162128727245	0.03239116730672738	-0.9616127555077552	-1.8562018607515969	15.821106377188222
1620.0	375.0	0.017086593057017298	-0.03148231254317353	0.624824534830376	-0.12186255011560404	-0.03815122909152422	-0.9918134946874968	2.186435027709382	7.004732969855948	0.08116628177326841	-0.03510126038289188	0.6234165809322115	-0.33212513103240043	-0.04329784196495733	-0.9422410535119565	2.4815593833802496	19.416751464209966
1620.0	375.0	0.029104350602434086	-0.021982104942268085	0.7105055631731576	-0.23694662550843326	-0.005631236576048491	-0.9715063846589559	0.32264779450057857	13.706618596076886	0.09300740910586788	-0.025529141070635163	0.7155158797528134	-0.2940039363071833	-0.0664434194623248	-0.9534919483404776	3.8097341825750344	17.136855370685012
1620.0	375.0	0.03537381580484351	-0.02980978049678932	0.6731288024015927	-0.24179774526627715	0.025169197487538715	-0.9700001831088161	-1.4422410909656194	13.997193670404094	0.09915210706259181	-0.03514742737704275	0.6781412582508893	-0.3052608729973945	-0.06386373229709218	-0.9501248622859804	3.661614235777636	17.811433226937037
