300.0	790.0	0.03971431243638453	-0.023930671639085126	0.6623653989824546	0.07387192688289115	0.03969329861695945	-0.9964775274999951	-2.2748561138618046	-4.239755903220478	0.1035916421297855	-0.026942434832613237	0.6680135541967049	0.12240946876428618	0.02287811007305147	-0.9922159734713648	-1.3109335262172543	-7.033030378475133
300.0	790.0	0.039938227532947235	-0.023360459019297113	0.6606695651443659	0.11482401841820682	0.055257759832384803	-0.9918478076082395	-3.1676498481368047	-6.6036089603775	0.1037749760431348	-0.02600951319116087	0.6669255762744069	0.1536015454327408	0.03555528290706564	-0.9874930071609174	-2.0375971181319534	-8.841334280847244
300.0	790.0	0.046728439731670984	-0.02796351462291822	0.6830194784405366	0.05450529638934666	0.051932518679207715	-0.9971620220865353	-2.9768532525555544	-3.1286980000033346	0.10980315996766725	-0.03125046866210371	0.6945112678535343	0.0023127958817731054	0.08996973168329565	-0.9959417895414153	-5.161865779778559	-0.13305316243496035
300.0	790.0	0.05867003425567972	-0.02141067001131291	0.6879915831483486	0.05371570791754615	0.04438270578589374	-0.9975694891702654	-2.5437773239901635	-3.0822053204212745	0.12169686227460769	-0.022052660253028968	0.7001773298230345	0.027384249326352778	0.07340049889208475	-0.9969265416487044	-4.209324302345145	-1.5734433841704436
300.0	790.0	0.0565020529974708	-0.02525339337357027	0.6969520025148546	0.06037194295172438	0.025269504455094485	-0.9978560617250856	-1.447990085380772	-3.4622690994094314	0.11988713163344533	-0.027375209975219972	0.7069076704601955	0.04528115693088805	0.0482171194701542	-0.9978099628914842	-2.7637090390412578	-2.598330845240465
300.0	790.0	0.05301898450482554	-0.028321080387397224	0.6759207085251475	0.0797357684244777	0.041388345996281876	-0.9959564388245828	-2.3720550954174624	-4.577308315178534	0.11642874130417893	-0.030649450074090038	0.6856709424129344	0.031354542336152647	0.06465582954743831	-0.9974148929528137	-3.7070920597565205	-1.8005461320903187
300.0	790.0	0.06971360656801207	-0.050992901354551694	0.7063425028334005	0.11615316693706391	0.03818693794625242	-0.9924969765300771	-2.1884824863699723	-6.675033054376408	0.13351202440109963	-0.05276217258566196	0.7132647268201795	-0.018266355302967968	0.08207428106517231	-0.9964587890167973	-4.707805477898849	1.0501867926810091
300.0	790.0	0.09841039536185037	-0.05293805392122234	0.6661192014660603	-0.05788080953412701	0.09863589529745641	-0.9934388751015925	-5.66062467861593	3.3344590088904678	0.16250919554680773	-0.056397431684229254	0.6669329237524221	-0.08320213986560424	0.18047879645975384	-0.9800534761106046	-10.397649579325915	4.8525189859316775
300.0	790.0	0.08461812289101159	-0.055729003836759106	0.717430401103581	0.05092998600587546	0.05312212506429561	-0.99728841652331	-3.0451069068015917	-2.923467671034154	0.1484844163647155	-0.057637387639351056	0.723654567940221	-0.0069045954750852345	0.031795820250769866	-0.999470550503227	-1.8220734060422172	0.395807446935266
300.0	790.0	0.041728025694067736	-0.055323903634297	0.6617499185294625	0.08511516756582069	0.11049804070250432	-0.990225040932258	-6.344026220184904	-4.912804987779747	0.10436287074731701	-0.05548902279967308	0.6758259458253397	0.08054032004870329	0.0930277969449432	-0.9924006047117595	-5.337818170213876	-4.639788505156678
300.0	790.0	0.013337232845228747	-0.05515734462394681	0.6818132555422589	0.1442888264945976	0.06884571778830365	-0.9871377537057408	-3.9476917656915047	-8.315969492678276	0.07525022772493656	-0.05937287206665373	0.6982539373110499	0.048750779633887895	0.12268371188062631	-0.991247676863054	-7.047012657630794	-2.8156082276820023
300.0	790.0	-0.022820522420389726	-0.05291962932598561	0.6618598903367789	0.2111999450966488	0.10287241237989858	-0.9720142869858168	-5.904600925281496	-12.258722422781936	0.039631436498113834	-0.055473329634659736	0.6765062914507939	0.18405213519303745	0.14863216226859027	-0.9716137945394786	-8.54766668138603	-10.726405191282268
300.0	790.0	-0.05055420613498282	-0.05179822589144899	0.6374911654141107	0.22049173354767848	0.12982871615920058	-0.9667097917460834	-7.459694594197556	-12.848497071864593	0.012372517582441714	-0.053661835445076356	0.650062562521837	0.1916632938870045	0.15389912721219556	-0.9693194615469001	-8.852954830946825	-11.18480516171238
300.0	790.0	-0.06403391025049052	-0.05296790026615879	0.6706717145482581	0.2716600512046514	0.08254496879283549	-0.9588468045460268	-4.73486571906795	-15.818463237428922	-0.0018273407024656857	-0.05454074173623386	0.6864563430961321	0.24280227567469753	0.10141586939568921	-0.9647599931512254	-5.820708360981614	-14.126326516434661
300.0	790.0	-0.08312436026571267	-0.05282285623198356	0.6666294885547488	0.34797577146201	0.10790140967830933	-0.9312734446656304	-6.194355118901526	-20.488496219125093	-0.020052629015318964	-0.05438486525304065	0.6784955101506269	0.24709618588844184	0.08886225230896208	-0.9649077740072675	-5.09815668718071	-14.363783264316387
300.0	790.0	-0.10799177905405077	-0.05229999579695864	0.6541630356101187	0.35859693297732886	0.05841509446346042	-0.931663002027501	-3.3488447740440663	-21.051707097039486	-0.04602575811948012	-0.05739910341443406	0.6701473083386276	0.37006680082525883	0.14285630729116305	-0.9179556328388121	-8.213162331215923	-21.956451457297867
300.0	790.0	-0.12205816848109569	-0.05407518739995248	0.6561440342851432	0.3733941371801911	0.060590009242042234	-0.9256920066894057	-3.4736794244136506	-21.967550285441146	-0.060687638154522903	-0.05903257674927093	0.6743200603054831	0.36899525123496135	0.12843119924459623	-0.9205150257407732	-7.378946719109442	-21.843745981862543
300.0	790.0	-0.1387043230893459	-0.035138884997328076	0.6539227150423703	0.32010440382384137	0.0736082671741487	-0.9445183617005486	-4.221260837638757	-18.721907724574823	-0.07843060963465194	-0.040707658777610206	0.675308547936674	0.3605392709556286	0.09072711452902352	-0.9283211059409148	-5.2054388256418305	-21.225062709091475
300.0	790.0	-0.12429036832517272	-0.01940499235571427	0.6609088426451403	0.3402766592671262	0.0614367453594834	-0.9383162222101787	-3.522284385324822	-19.9329757930679	-0.0625792077050296	-0.02395233334713004	0.678006794816096	0.2781180630563221	0.08033254176453289	-0.9571817916995823	-4.607680496253565	-16.20171370210923
300.0	790.0	-0.12083627947970954	-0.007054816566075204	0.7178689937886272	0.3406004002487961	0.0462627334243217	-0.9390692465065532	-2.651605793833208	-19.935707417197758	-0.058393558279219354	-0.012163713570450159	0.7318722564118212	0.3182592003412278	0.020260836456508103	-0.9477872129998349	-1.160939855526995	-18.56163038868268
300.0	790.0	-0.10819334042017108	0.001095881659729821	0.6768965658155552	0.2824118723719658	-0.028416078587072423	-0.9588722577395079	1.6283405638230612	-16.411020456109163	-0.04704861844163945	-0.003768506941136115	0.6958424445580532	0.2566341572172327	0.047268037218230294	-0.9653521166549588	-2.709268549572008	-14.88746253500071
300.0	790.0	-0.10576805837249247	0.0047545997150030515	0.70858098095899	0.2698666840732046	-0.02375432820587897	-0.962604620992668	1.3611507808330168	-15.660866802596058	-0.044032689845507775	0.0005252169321169637	0.7256731492746491	0.23771103915215827	-0.01891523344950148	-0.9711517188433245	1.0838276814526835	-13.753992506138621
300.0	790.0	-0.09496626242580349	0.0024284203314188617	0.7369919542778435	0.2943190290680153	0.07483053382622849	-0.9527732089545502	-4.291485246052609	-17.166324082235956	-0.03256994136010348	6.637034090476585e-05	0.7519052188743693	0.2875667149037227	0.02099104283137833	-0.9575305179332028	-1.2027865022552333	-16.71612663786636
300.0	790.0	-0.06514803673293997	0.0023537085146022093	0.7550909425129824	0.24948775994645683	0.07728457130078414	-0.965289064203523	-4.432499730644513	-14.491489400746085	-0.0028341541338611524	0.0036941804650319886	0.7704684843840335	0.22174430217609956	-0.02191371268028683	-0.9748585978578217	1.2556637609369976	-12.814634297442915
300.0	790.0	-0.042688417205619555	-0.0007562324032779847	0.7779364099125576	0.18963691519602982	0.059629610876388635	-0.9800419055341119	-3.4185529679812694	-10.951323090461056	0.019134977705695232	0.003931381552482332	0.7945851257987446	0.10254377286952047	0.02818767343236631	-0.9943290288180597	-1.615248668081172	-5.888019073556661
300.0	790.0	-0.01415654088106085	-0.0034261166284599194	0.7678393661557636	0.07784871319975162	0.04617762642083975	-0.9958951019441312	-2.6467243047626248	-4.469698452552422	0.04774102651458943	0.002701647698916747	0.78372732632901	0.09926699600534553	0.007270472635353728	-0.995034268803876	-0.4165710671013874	-5.697113518427396
300.0	790.0	-0.008581299277874786	-0.01330593979211489	0.7053666103775758	0.11231985759697437	0.05374613646738767	-0.9922174906845247	-3.080911278125122	-6.4584371874863225	0.053271397874421124	-0.010063981040915475	0.7222491215077214	0.02316835057678643	0.06931851059037095	-0.9973255556348541	-3.974845669390835	-1.3307690632569973
300.0	790.0	-0.009451549421374487	-0.019094780253075178	0.685000608459806	0.18135949904521645	0.05084776737583176	-0.9821014435031635	-2.914619345423453	-10.462643230114477	0.05215520508792351	-0.018104623928426985	0.7030259520876387	0.10190109853646234	0.042942200784210974	-0.9938672035076592	-2.461163674531878	-5.854073947886512
300.0	790.0	-0.003317680024617164	-0.02331305136626704	0.6986484981481765	0.16853547912578312	0.0737541672475247	-0.9829324289775886	-4.229643080316848	-9.729434589828221	0.05902590270367779	-0.02379461887707229	0.7139563852966494	0.07188254815186562	0.07766242942932564	-0.9943849352071154	-4.454214672975571	-4.134631239780571
300.0	790.0	0.006165915087080261	-0.028710875875015293	0.6644120553194268	0.04928613408078399	0.09098586619437674	-0.9946317683242287	-5.220325776542533	-2.83680824270463	0.06813025260932301	-0.029195552200716415	0.6811891703248883	-0.00548057081229357	0.10117810789298691	-0.9948532048974189	-5.807015195832405	0.3156349085393426
300.0	790.0	0.010408209752107316	-0.028474812089792953	0.6568832523232928	0.08848325258375635	0.0586510493575027	-0.994349408479874	-3.3623872125778957	-5.085132602973211	0.07005575826760319	-0.03000107490337889	0.6805713527438211	-0.0342828998980164	0.1198247141690059	-0.9922029571221239	-6.88198644787412	1.9789140233858697
300.0	790.0	0.014442484213865656	-0.02973630551728785	0.6507254684510143	-0.023095570535445892	0.19778258648537517	-0.9799737492396658	-11.40732059243636	1.3500706564871796	0.07300111557977311	-0.03387832622738256	0.6767065381096429	-0.14709845668318325	0.284188148244434	-0.9474170589219256	-16.510326422730756	8.825426507136413
300.0	790.0	0.024692626391482217	-0.02869724080484166	0.6523636765375167	0.06962400645649966	0.0819732661655399	-0.9941996477091708	-4.7019981820591	-4.005895192921504	0.08508541540583105	-0.02962378938592467	0.6741154159257322	-0.016477585701955025	0.08879124284758753	-0.9959139638001222	-5.094071998337199	0.947883069302544
300.0	790.0	0.010991700303109088	-0.032810932838404305	0.6055293805117605	-0.024848030669551713	0.16736542923042716	-0.9855817308067889	-9.634674725232458	1.444208749951926	0.07269241391690677	-0.03570424533420291	0.6230204155288022	0.0046169086482506505	0.16053770940469347	-0.9870188986247098	-9.238108165613037	-0.2680064698011767
300.0	790.0	-0.008982243265730404	-0.03208334810582534	0.661724334000179	0.1559732892048661	0.09382288537298533	-0.9832952933982735	-5.383573503366265	-9.013335746520825	0.052814840543911834	-0.0337396095241872	0.6790351067834981	0.07373908075087728	0.052452605084543476	-0.9958971921498905	-3.0066926788649937	-4.23461637030638
300.0	790.0	-0.02374356825287368	-0.033149175930950986	0.6715816545906514	0.19269293868229384	0.09115643022508758	-0.977015801226467	-5.230139156245502	-11.157026937745107	0.03853727314269197	-0.03526895270493963	0.6870053041297992	0.13361687010465992	0.06729797082030037	-0.9887454340068675	-3.8588062106568675	-7.696200951759001
300.0	790.0	-0.059404950888605576	-0.03873235957460957	0.6704578497065214	0.2279359889935864	0.07641557701286099	-0.970672910815675	-4.382562342090931	-13.21492141290823	0.002841007129191296	-0.04234338453781536	0.6857446686293509	0.2194785141884824	0.07464070501265407	-0.9727579099056438	-4.280578353788472	-12.714463872028219
300.0	790.0	-0.06309116261576651	-0.04899668212243876	0.6739167303868983	0.2429840460331062	0.07295255199632385	-0.9672831988057861	-4.1835898415714015	-14.101075358134016	-0.001455188266472623	-0.052353778240768395	0.6915525517537381	0.23496048813461315	0.13709555563222692	-0.9622881006173575	-7.879813227764476	-13.721350947304638
300.0	790.0	-0.07953103234233758	-0.051789870365196784	0.6889141515992988	0.28812039304272014	0.09751782544044907	-0.9526158265909406	-5.596253648294839	-16.828037005136675	-0.0182666954506598	-0.05492657425754389	0.7078384147958501	0.25690464695451104	0.14633985065479108	-0.9552930352214287	-8.414874674762881	-15.052289691724845
300.0	790.0	-0.07978895723007688	-0.0525492366331461	0.6799816943780729	0.2896395504935141	0.10518827057835696	-0.951338141887035	-6.038013738349569	-16.933127233890538	-0.01786081272214543	-0.05388362831984807	0.6968461522777155	0.26139063079505953	0.059338030039209747	-0.9634074725489614	-3.4018169816477286	-15.179983186615608
300.0	790.0	-0.09724778600265856	-0.050646953016116894	0.6799233608370756	0.3167208995383085	0.07926153678557359	-0.9452013109530171	-4.546120120189037	-18.525125550876922	-0.03667104102482088	-0.054343695093029686	0.7008536663657676	0.3028111597734636	0.1046653206118945	-0.9472859200551793	-6.007884597603345	-17.727094458238078
300.0	790.0	-0.11315748107763032	-0.04645259355270979	0.6762223445482103	0.35918411422299856	0.11572683528671529	-0.9260637527002062	-6.64554955922454	-21.19933619557782	-0.052471372101292074	-0.04986353206017785	0.6968826276882805	0.31816616369872547	0.10720430092669579	-0.9419540382087931	-6.15418069165693	-18.66355376191478
300.0	790.0	-0.13039434646235665	-0.041337464587209785	0.6840737316585283	0.35612085723165043	0.10841045861014954	-0.9281299604770998	-6.223693575691455	-20.991667694167944	-0.0696807367746896	-0.046068767364561	0.7043901781081476	0.3632844191476187	0.07333818103813519	-0.9287873517932941	-4.2057441031080955	-21.362377340213392
300.0	790.0	-0.13637715187242996	-0.0351857856634116	0.688554483691888	0.3501302101093683	0.11209347609458085	-0.9299698159438449	-6.436009406146351	-20.63117106161023	-0.07565241218192864	-0.03955322665833488	0.7089190871079704	0.3810134555017106	0.039658693559558714	-0.923718457377906	-2.2728718276912727	-22.415065680459517
300.0	790.0	-0.14658639764509487	-0.02306593263516281	0.6814742481714454	0.4205339948443395	0.07581412766330023	-0.9041036305289437	-4.348001573414921	-24.944982629540842	-0.08564103527402833	-0.027972349840526673	0.7010414528589806	0.37604708451050445	0.0310093867218276	-0.926081525868484	-1.7769918493265178	-22.100232198421956
300.0	790.0	-0.14995644235212596	-0.011260004218659154	0.6821577484096488	0.40795870051086847	0.03417468284695769	-0.9123605867286425	-1.9584464340703318	-24.091631435717666	-0.08970942933353016	-0.018395628780372566	0.7031497923327409	0.35195934789061867	0.06258339391145981	-0.9339207106013984	-3.5881091898606408	-20.649526245877862
300.0	790.0	-0.14054554409124415	-0.006522656804101039	0.6703222305907018	0.3877431000319964	0.07963250251979363	-0.9183212368472163	-4.567442288687466	-22.89094703181429	-0.08122914756038693	-0.01223969198058128	0.6942003845185623	0.40023293533329246	0.03372008447061019	-0.9157928416238054	-1.9323848441657991	-23.60698070029104
300.0	790.0	-0.11905225980804084	-0.014798515128186782	0.6548942650140979	0.3096273015120644	0.15465843014297487	-0.9381959837500629	-8.896986865222223	-18.264136057215502	-0.06023235899614879	-0.021446364702713796	0.67974000887761	0.2686308664847701	0.06244502499304788	-0.9612169929842929	-3.580165697930908	-15.614058804365738
300.0	790.0	-0.09765111971074908	-0.02012990869212421	0.6589105421792149	0.2970478286527426	0.09055746045704491	-0.9505587638131665	-5.195678183793763	-17.353926613887033	-0.03530873062721156	-0.02431268268752248	0.673648810350131	0.21688822298382687	0.05047403732795327	-0.9748906912573122	-2.8931786591499087	-12.54257583344147
300.0	790.0	-0.0645236499862483	-0.026395538638317992	0.6638427675529437	0.21178219885218036	0.07270022811965225	-0.974609165179148	-4.1690942572318095	-12.259757426534403	-0.002969887442188247	-0.028535827326471336	0.6819490953037173	0.21593328164232448	0.03696001215595758	-0.9757083618306224	-2.118135137839312	-12.478950017424141
300.0	790.0	-0.04094628479447375	-0.031449451152872857	0.6480363931672064	0.13576494463092187	0.11548860960415115	-0.9839869268160406	-6.631808095786497	-7.855748063464131	0.018604385218815786	-0.034070175079369436	0.671871978553074	0.033949773384303224	0.06202489083434455	-0.9974970301094174	-3.5560470302218676	-1.9493072247392067
300.0	790.0	-0.020778409752897062	-0.034412358535763035	0.6397008689404623	0.16653137880058919	0.0902495900122864	-0.9818972852094039	-5.177965978977382	-9.625859977647236	0.03902948332932196	-0.03603005328379423	0.6629749878794393	-0.016146246524571646	0.09135963508172801	-0.9956870905842145	-5.241830722561547	0.9290375578870372
300.0	790.0	-0.00019073119793281378	-0.03691294091079768	0.647854412863768	0.15472518171834218	0.08059891508779869	-0.9846643505587626	-4.622992213640626	-8.930147871115773	0.061008098844916744	-0.03716064610012779	0.6672432619049874	0.06850857389069381	0.06997764775735432	-0.9951932866429548	-4.012703380632534	-3.9379981204100467
300.0	790.0	0.007247422508730228	-0.040486045547882064	0.646997587401843	0.12158801442513799	0.09815383270562994	-0.9877156079611628	-5.632869844694579	-7.017816969126852	0.06885682592660178	-0.04033979175762925	0.6650404708726299	0.004054662272397827	0.03315307698349817	-0.9994420445020776	-1.899879532133728	-0.23244345414468234
300.0	600.0	0.07429335557695196	-0.0223935030769333	0.6590028925978505	-0.016934689715822376	-0.03654040653605053	-0.9991887310746667	2.0940772550700135	0.9709810860923835	0.13698143194938367	-0.029076992884802373	0.6711198917449116	-0.08349152685770472	0.0742326018670397	-0.9937397882742118	-4.257130716024617	4.802568666977095
300.0	600.0	0.07723061265540607	-0.021943083296378382	0.6554379453367923	-0.015695555201159284	-0.0694182820370769	-0.9974641568461587	3.9805759558269482	0.9015009233969398	0.13957372854776393	-0.028717160392979182	0.6691759729950462	-0.10519255864269983	0.08038995694440666	-0.9911972835182079	-4.610980817624343	6.057940185369685
300.0	600.0	0.07480115609801746	-0.023438438452773932	0.6548080125154293	0.032119475664898894	-0.031421814233404996	-0.9989899988553419	1.8006337265551147	-1.8415366039206935	0.13784324312616636	-0.030176552871575394	0.6648866384551118	-0.10324208542506991	0.14420736505753728	-0.9841469898164668	-8.291382157021788	5.9887175289421455
300.0	600.0	0.07532935348499421	-0.0374565130361407	0.6688207329753992	0.04954202699648762	0.0758204298137802	-0.9958899841779175	-4.348363702344877	-2.847915974496131	0.13844316202630735	-0.04360663297712034	0.6788261724829687	-0.058957755259228056	0.1835461874810334	-0.9812414772577275	-10.576383754200972	3.4384749279650615
300.0	600.0	0.06657429392176747	-0.04949179112531039	0.6885306191136595	0.06708968719049219	0.05709666187627873	-0.9961119309869259	-3.2731778375919496	-3.853140611608939	0.12956435708078648	-0.05451889285151509	0.6998560689976502	-0.05590833456191702	0.1301620423206563	-0.989915236954618	-7.478956219143337	3.232511299549954
300.0	600.0	0.02312061057412956	-0.026681460781302516	0.6498317959629987	0.06374803218070058	0.00979881383998835	-0.9979179157110597	-0.561439662112344	-3.655147301587074	0.08675331076514331	-0.029574175366273377	0.6578191166869998	-0.09278018001146529	-0.018669135538070786	-0.9955115465413988	1.0697248193391302	5.324499957581269
300.0	600.0	0.024411343335173592	-0.02356770637431803	0.6776711909872881	0.17434962350693237	0.0075976686243520095	-0.9846545016503618	-0.4353185344785981	-10.041105246330677	0.08795142048224139	-0.026894314240995143	0.6862080463722429	0.11007256557996946	0.02313440763365727	-0.9936543021530099	-1.3256221825586247	-6.321197213017375
300.0	600.0	0.018153686395213166	-0.020863497662075105	0.6746141174673749	0.20015495137345432	-0.024174841276892498	-0.9794659608075453	1.3852513266916748	-11.549442159247516	0.08161446423660709	-0.024429733062174767	0.6836306170350519	0.11889849232786684	0.018725426377674555	-0.9927298317565832	-1.0729506107728841	-6.829738878068285
300.0	600.0	0.008181478952019651	-0.020099903003222	0.6740575683151935	0.19995649849437935	-0.02804829803762599	-0.9794032164978508	1.607259887514319	-11.5390175362147	0.07172359803623479	-0.024120672219143983	0.6822745106185881	0.15344341446844678	-0.01961515724468007	-0.9879627837773046	1.123937805799011	-8.828242193322636
300.0	600.0	0.008049790002655075	-0.03176809812408113	0.6815188575565319	0.22090948604478253	0.037421716649461326	-0.9745761556374328	-2.144607170804303	-12.771553322537018	0.0714016299547724	-0.036502987355968325	0.6907606551230592	0.0931824125715518	0.08423678439176782	-0.9920791976801966	-4.832138433628806	-5.365842939455767
300.0	600.0	0.0030241653863036233	-0.043217075207488395	0.6656983693471511	0.21775551688389957	0.009047083837967075	-0.9759614074419752	-0.5183667923438469	-12.577761109364406	0.06631114303950908	-0.04654034049861128	0.6759453196712764	0.14766378389048918	0.029311708656719546	-0.9886031715497212	-1.6796777781374639	-8.495240805899947
300.0	600.0	0.0046239358138255755	-0.040147928128982095	0.6934103803723117	0.2269793406578136	0.051616929761356165	-0.9725307745663531	-2.9587470552044945	-13.137122796311766	0.06773428120933545	-0.04427004717543013	0.7044275516174161	0.13261307788747917	0.08184644870669244	-0.9877828281030726	-4.694707578584626	-7.6464251104539755
300.0	600.0	0.004832253465080193	-0.022172067952486524	0.6907946933873177	0.2167970424549515	0.08553276732111137	-0.9724624662262138	-4.906661762674353	-12.567782152498989	0.06792884588565445	-0.026420491077498415	0.7018426139826331	0.07337020541910086	0.09037227420835509	-0.9932016819660817	-5.185024107836726	-4.22490338540812
300.0	600.0	0.003893528742647189	0.02090877706352571	0.6830546179038727	0.14156181807216123	-0.07922278865515767	-0.9867542717300651	4.543893012479237	-8.164066486840316	0.0669297837004451	0.016542790445368185	0.6943972077916879	0.10618267397434533	-0.0031181073563650505	-0.9943417953787632	0.17865468108701585	-6.095339210275628
300.0	600.0	0.0017397018170107574	0.020701600372282504	0.6954811951512416	0.1368420199293634	-0.06890166949981563	-0.9881937202068708	3.950905193262511	-7.884003874352295	0.06481734225565415	0.016834169235818017	0.7067745505744771	0.07923863190530527	0.046525051170789006	-0.9957693976098714	-2.6666516947107843	-4.5497407201795035
300.0	600.0	-0.005912441983103717	0.014125671659416422	0.7019841731802912	0.19986263776175675	-0.0628752310687104	-0.9778044914947018	3.6048632231087887	-11.552097548999786	0.057171585617113246	0.010237201326745186	0.7132345457885474	0.11052616560596837	0.08980223674354562	-0.9898078293391701	-5.152230021678319	-6.3714968266466085
300.0	600.0	-0.01659242047768418	0.012808198651183638	0.7027375236792781	0.19417487617346713	-0.045672339832087794	-0.9799031346224694	2.617742936979722	-11.20837370486222	0.046117690994078295	0.00895240793899479	0.7159231378401931	0.1490037439585425	-0.05668029736828275	-0.9872108125482002	3.249283211958635	-8.583098920065874
300.0	600.0	-0.03420394326016517	0.007289263415460115	0.7026654376053914	0.2652409324561475	-0.030143087957057803	-0.9637108818947064	1.727333366307822	-15.388434967221487	0.02852893579062855	0.004236176745346433	0.7159526559523915	0.18012410464027492	0.06747742813511796	-0.9813266782692462	-3.869111783366522	-10.400957725055546
300.0	600.0	-0.05103567835905073	0.0028276259915593974	0.701940214886575	0.30285210614926644	0.003991853823068809	-0.9530291918357479	-0.22871698392800915	-17.629133343456626	0.012141125342790042	5.61670156141187e-05	0.7129989721757704	0.2914637546611522	0.04433543344537779	-0.9555539265534845	-2.541066149651605	-16.962792449482368
300.0	600.0	-0.07426682592100411	-0.005136628120096529	0.7001848590347808	0.30694212673998594	-0.02324664559742501	-0.9514442419562988	1.3320546741183297	-17.880039969073405	-0.011581392921619759	-0.007563978022295295	0.7138204773100771	0.21239723876310265	0.11993610557924261	-0.9697952139222805	-6.888415066572817	-12.353437802329399
300.0	600.0	-0.0855985004697502	-0.014145612033960323	0.6843105366477573	0.3337767191458668	-0.03270173091478398	-0.9420847872833618	1.8740052766579833	-19.50902434252277	-0.02329831528615785	-0.016436484031137198	0.6996312564480882	0.20774454895428737	0.16379401006132882	-0.9643722195841105	-9.427183230902306	-12.156849973086358
300.0	600.0	-0.08371955478771119	-0.03547188484893003	0.7049104758308478	0.3160382282230877	0.05430723399528738	-0.94719087882799	-3.113106820639864	-18.451711551628044	-0.021812184360061427	-0.038536214998762204	0.7216249303862373	0.24080276930668906	0.13546098171095425	-0.9610745441096928	-7.785277063656221	-14.06620951304064
300.0	600.0	-0.07446061346236502	-0.05525732054910941	0.7204456570188569	0.28075278128744396	0.09787013255036778	-0.9547771231739179	-5.61653638130058	-16.3860043526201	-0.012241836381911498	-0.0573261651223803	0.7361246009999444	0.23210459097927003	0.1277571042895843	-0.9642642159905729	-7.340003105389823	-13.533997847599563
300.0	600.0	-0.07298811745598002	-0.05665024734829212	0.7169273357933386	0.2487601928060525	0.07368940572531132	-0.9657578502119906	-4.225922393860514	-14.444279571773398	-0.010750999039890618	-0.05842658631493152	0.7325693092863113	0.2131883585091534	0.1414345661107427	-0.9667197723210643	-8.130866909036707	-12.436247183926392
300.0	600.0	-0.07453520933480384	-0.04540679636807135	0.7113255235676019	0.29398472868830583	0.07893070194222014	-0.9525454937010855	-4.527105105707588	-17.15182894334088	-0.011977927664311355	-0.047413430839997404	0.7256029726294035	0.21193668683328626	0.1525849243845753	-0.9652982720843682	-8.776756547794244	-12.383132076802353
300.0	600.0	-0.07407852537573346	-0.020031086356846632	0.6895266366220105	0.2940636984554835	-0.013286911400989719	-0.9556935054550199	0.7613063475875954	-17.10295670724908	-0.012467595225203123	-0.0226776576555722	0.7073696904515776	0.2097436435244357	0.1143153142722318	-0.9710507623670825	-6.564135011171589	-12.188445976380786
300.0	600.0	-0.07094510970700763	-0.007914933425727057	0.6934223553514764	0.2989767536308157	-0.045490887326794245	-0.9531754704672089	2.6073356570915425	-17.414759073817418	-0.009108844812679515	-0.010376716434484397	0.7104957730513359	0.20499671818627288	0.08047869368464096	-0.9754484255841475	-4.6160815852725925	-11.86836078275375
300.0	600.0	-0.06656657415347275	0.021863659937086593	0.6599231909000423	0.23760992327847275	-0.0871483194017103	-0.9674433271250207	4.9995730490687675	-13.79905330452872	-0.004920178061544456	0.01844345218841683	0.6775103922536012	0.2016170704147481	-0.052601424748266706	-0.9780509147286189	3.015231204918464	-11.647888075258393
300.0	600.0	-0.06572610839339679	0.016051616456904387	0.668237104223932	0.2540233644044209	-0.06328094015925739	-0.965125664946177	3.6281550252872714	-14.745946126902547	-0.003988702181464454	0.013916303749976114	0.6857076147340484	0.20371112831391608	0.011592635301828125	-0.9789624383372373	-0.6642239542158677	-11.754860877967468
300.0	600.0	-0.0674885542172663	0.0014118394814138348	0.6783701813104066	0.2576246751710635	-0.012827495883564372	-0.9661599483816168	0.7349815330027202	-14.930421827817819	-0.005658376320635259	-0.00020404934271376664	0.695566216556841	0.18238014392875054	0.11771508688974155	-0.976156090063394	-6.7602520247231155	-10.58284435554773
300.0	600.0	-0.06941286393743523	-0.011765081681702089	0.7093206643218404	0.2954911920847002	0.01638581360701244	-0.9552049225992636	-0.9388799808455991	-17.18937346860538	-0.007300941168279037	-0.014261151010708783	0.7253570077779019	0.20246314120820216	0.0872422921220328	-0.9753960895806049	-5.004977875041324	-11.726375912609948
300.0	600.0	-0.07018047289075796	-0.030491053037730503	0.717746249240194	0.2936396069986221	0.038335445899110684	-0.9551472557594832	-2.196997600301178	-17.088926642538485	-0.008077079043272178	-0.03324650416019991	0.7337731511664352	0.21881389731906783	0.14390725217478245	-0.9650964523042437	-8.274005707672774	-12.774557204793688
300.0	600.0	-0.07569463135785975	-0.05001210802339611	0.7268208687029587	0.26212958686086224	0.06654153718906336	-0.9627358380282303	-3.8153683831158176	-15.231034655254378	-0.013787104550306257	-0.053177257589909425	0.74351594511522	0.15716530436949924	0.14468536006440041	-0.9769162236154952	-8.319059516488286	-9.139376011540904
300.0	600.0	-0.07673878531173219	-0.05431897057258782	0.7284390450018057	0.2635100812235466	0.06789034508073283	-0.9622646980163587	-3.8928245595603115	-15.314637488759187	-0.01443960528688525	-0.05740120693085064	0.7436244857554064	0.16415729984650332	0.12374298522720084	-0.9786419694842324	-7.108170563476442	-9.522141221022087
300.0	600.0	-0.015227825296346777	-0.03054837669147034	0.6649907270255009	0.15248518176509146	0.028028763373027666	-0.9879082182727953	-1.6061401934631847	-8.774448614839859	0.04677136692003306	-0.03271591354853459	0.6815039814626872	0.08156390654498431	0.1134395576703506	-0.9901912417921056	-6.513629302884694	-4.708929610825547
300.0	600.0	-0.014090737965050875	-0.01908811138930034	0.67979050963121	0.16790160323345485	-0.0096330306461705	-0.985756694796827	0.5519405364162465	-9.666288970008603	0.04780161080350391	-0.021739863663708045	0.6966306698859209	0.14325444102824564	0.06134573342469532	-0.9877828061570538	-3.5170599310987716	-8.251860541664271
300.0	600.0	-0.014353952929417074	-0.007503693718729028	0.6463407291120548	0.20723334631497758	-0.05244477963931657	-0.976884829254225	3.0062436959095753	-11.976994102330853	0.047849440146438285	-0.00933144131991274	0.662110410534791	0.04175256803787829	0.10311115889939176	-0.9937931137076221	-5.918353225145485	-2.4057722416504115
300.0	600.0	-0.007923411813349636	0.001933521334079558	0.6390398200772095	0.11137743565050007	-0.09553664541679739	-0.9891752831971938	5.482207820381889	-6.424232934715626	0.05379471172101384	0.0010133015327819846	0.6566838572153463	0.031092265091359386	-0.006121271084655747	-0.9994977541500296	0.35072518870594277	-1.7817761497001743
300.0	600.0	-0.00843410811912812	0.008065632475780621	0.6342223884665388	0.13493502109547054	-0.08171246067389647	-0.9874794123914097	4.687004829054613	-7.781043153496093	0.05402422996015792	0.007132331227553447	0.6490335523901224	0.05714176257643695	-0.0602563660071865	-0.9965460533197872	3.45452808272863	-3.281735706776764
300.0	600.0	-0.010291530734481304	0.010734936819072177	0.6387445547887116	0.16358724179914697	-0.11425557274035963	-0.9798902471581522	6.56068949837496	-9.47780736058226	0.051863607443527006	0.009954516517071528	0.6547887240050506	0.0918844352411924	-0.052542180392292415	-0.9943824728594735	3.0118320528317986	-5.279339731095757
300.0	600.0	-0.016650085350846437	0.011146322093381884	0.6453574549222747	0.17963666023279545	-0.11189878032164993	-0.9773480920837249	6.42478353408158	-10.414728820192948	0.04571761071116734	0.010944143828056724	0.6605730796377736	0.05968100936375989	-0.02777938658730502	-0.9978308308890561	1.591846390167008	-3.422825852159265
300.0	600.0	-0.025760844989705524	-0.005472406926889405	0.6635436031659481	0.19519942548983785	-0.04950184553929548	-0.9795135966792656	2.837406445337703	-11.270370719579988	0.03623683827589533	-0.007580750702976561	0.6800701811492351	0.12346970775998352	0.08732740668472483	-0.9884984274252093	-5.009873264029749	-7.11973178756937
300.0	600.0	-0.02528501703927521	-0.028031348835166905	0.6761905214088533	0.1787528270566181	-0.0005189210238521411	-0.9838938868139766	0.029731985901702025	-10.297125219863908	0.036663308621203296	-0.030482732771595304	0.6928542931390806	0.08768214278084174	0.1523019270386163	-0.9844368317631571	-8.760350240537582	-5.089808214528948
300.0	600.0	-0.03179409197628369	-0.05361314185597295	0.7192929259383447	0.20320098173561374	0.007497208135646916	-0.9791083866007906	-0.42956240851773964	-11.724540178275385	0.03069270133900547	-0.05696072069078066	0.7336274995537224	0.12884778988910883	0.14025979201291408	-0.9816952062046583	-8.062879565061726	-7.477347179415233
300.0	600.0	-0.042365152053259254	-0.054874291018347156	0.714713780099019	0.19349783629051648	0.024382007354365444	-0.9807977174482726	-1.3971245684192461	-11.160344785466352	0.02029072280815077	-0.057474457851439884	0.7284529977408285	0.21113289052509787	0.10818150607818841	-0.9714523593387111	-6.2104979544008	-12.261822352293972
300.0	600.0	-0.07350785742976139	-0.049912544871132454	0.7274714082024798	0.283146301725399	0.05502839599668396	-0.9574967252562508	-3.1544882424782976	-16.473747370593834	-0.010923871911394	-0.05344681650249909	0.7413292328618588	0.28528877545067155	0.1665892172658381	-0.9438529148289876	-9.589567786194667	-16.817955479316684
300.0	600.0	-0.08218312660999696	-0.041594145442529415	0.6845466560708888	0.27740959652981867	-0.020438641178624387	-0.9605343199477846	1.1711294257246503	-16.10911855644547	-0.0196166293218395	-0.04481891641064634	0.6985580761599368	0.24043488138751132	0.12297597705566984	-0.9628437145275738	-7.06388598787985	-14.020782004493594
300.0	600.0	-0.08983875344696597	-0.028628170769833646	0.6905952797917809	0.28762328419315397	-0.01611191462418042	-0.9576081119599115	0.9231846529464437	-16.71795234027685	-0.02749289113865113	-0.03124658746685588	0.7056758292065403	0.2673972187701325	0.03444097243360265	-0.9629706788651257	-1.9737126906022884	-15.518883440792917
300.0	600.0	-0.09628190108682924	-0.010807278539587833	0.669395702056742	0.3085902055815086	-0.04474659590333023	-0.9501420258899973	2.5646474264378356	-17.99292793515387	-0.03378183380521399	-0.014577432749691656	0.6835665577346184	0.25019872249303815	0.003328668890076037	-0.9681887713011889	-0.19071903099459872	-14.489354059761887
300.0	600.0	-0.10461030856960361	0.01810454249593993	0.6801864698509412	0.3640807108560288	-0.08766296776928896	-0.9272326891201725	5.0291735156161055	-21.437603681193764	-0.042695182452740114	0.01034619337028823	0.6952732455301573	0.2749336832834121	0.00010915796240524266	-0.96146319284093	-0.006254290558488571	-15.958062148418438
300.0	600.0	-0.09788043885623558	0.027943899632096782	0.6635020627798114	0.2807179624615556	-0.14443691333806613	-0.948860046700051	8.304673454538124	-16.480724634661783	-0.03691194438887389	0.01992045005882743	0.6819344408940453	0.28495296348399046	-0.020167539548509576	-0.9583293816386247	1.155593243994958	-16.55950089734609
300.0	600.0	-0.09009928778628967	0.03209315383514846	0.6877789923177092	0.3175997240500449	-0.11605838604692836	-0.9410955949484943	6.664674889841678	-18.648443475937647	-0.028460349695257944	0.02320387507971466	0.7033644874280915	0.23036377277507672	0.017162788432883984	-0.9729532369812625	-0.9834036246862428	-13.320487419395878
300.0	600.0	-0.07209028337173265	0.03494690505202357	0.6852349760405395	0.2910369906297314	-0.07712189621172791	-0.9535982842994029	4.423151232851636	-16.972122920950635	-0.01113220291179301	0.02750351228134917	0.7039431013960795	0.31001999247441425	0.050323523347467945	-0.9493972405805972	-2.8845438699873376	-18.08413962408804
300.0	600.0	-0.0554960012007647	0.03303013184222969	0.6989958405163569	0.2504432000865273	-0.08892922426595865	-0.964038266129916	5.102009149806225	-14.562705912036233	0.005917092115104765	0.026301949858063403	0.7164443120878685	0.3031068054112632	0.03387180230257842	-0.9523544436295834	-1.9410826041839335	-17.654764324997355
300.0	600.0	-0.03191102119037291	0.027295883836417532	0.7000145267285439	0.1396536656356002	-0.03751726496874002	-0.9894894278619211	2.1500855332998046	-8.033498857720282	0.029931728027693293	0.02267697106313589	0.7166104791736971	0.20121356905810456	-0.027660374239199592	-0.979156763179678	1.5850248636005073	-11.61243941752311
300.0	600.0	-0.013152564513094118	0.022429762649022807	0.6792698692687202	0.14136930930951377	-0.08437368168910911	-0.9863548130314028	4.840010094292846	-8.15637107289102	0.04889343163048662	0.019402802639621918	0.6954691747868544	0.17600312969910215	-0.04031890062758139	-0.9835634928015347	2.310729188021693	-10.145376845672184
300.0	600.0	0.002350304909828165	0.018506430825252315	0.6854878522312782	0.12481110518738862	-0.06917940758814414	-0.9897658219300762	3.9668564756558276	-7.187156829134192	0.0649006016626652	0.015921002734036585	0.6997026881900494	0.10350233532635732	-0.09604625123808191	-0.9899810207104686	5.511540974169581	-5.9685794897989295
300.0	600.0	0.010656211575809283	0.015377095994550496	0.7015227638907716	0.11638370569711984	-0.08661530194733148	-0.9894203506335515	4.968917477976828	-6.70876935835554	0.07375853987863973	0.012130852370135893	0.7128736972757559	0.0851091783573014	-0.027414615685154672	-0.9959944127509046	1.570938593720834	-4.8841432382587975
300.0	600.0	0.022670789343989244	0.009550066301375707	0.699764430985474	0.12095567284986017	-0.0532584117604635	-0.991228161591955	3.0529266289341392	-6.957182962901299	0.08591246413998405	0.006105531367563604	0.7102482934275791	0.09555917535124517	-0.056388188213847036	-0.993825348714993	3.2325197797770615	-5.492270042174064
300.0	600.0	0.029100024698497328	0.0030809187770715115	0.6960064414468377	0.06504076471986406	-0.0432473424353166	-0.9969450468445439	2.4786632606737564	-3.732690891925818	0.09219992358176873	-0.0005691287108045909	0.7072476841661623	0.1019718969269405	-0.03193021481757054	-0.9942746734256476	1.829777559336409	-5.855728874987082
300.0	600.0	0.03388129113990787	-0.013766203014087146	0.6577164916518792	0.06160087006267664	-0.05761442244816321	-0.9964365911643832	3.3028922488854566	-3.5375896541988228	0.09706268106698475	-0.016584364066214594	0.6687371794155599	0.04055705183610733	0.04630892435906075	-0.9981034725025567	-2.6542551789595463	-2.3268832255805383
300.0	600.0	0.03623932903710383	-0.016821708376928323	0.6478418407664688	0.06989085092785666	-0.03398136345051526	-0.9969757105198104	1.9473636113637742	-4.01003773529681	0.09929561570777787	-0.01967407048514374	0.6595488628185107	0.04088149574645239	0.03453146550226083	-0.9985671350771967	-1.9789006474478843	-2.3443890126904687
300.0	600.0	0.036892079944634934	-0.026203462875878623	0.6530412155044802	0.0986207375907601	0.020274414672821827	-0.9949184981671938	-1.1617179898512129	-5.660919564065489	0.09986971441245038	-0.029519735432848193	0.665045611232034	-0.0162478645451149	0.12940781851203723	-0.9914583516404821	-7.435373763941679	0.9388702397457512
300.0	600.0	0.036747036074808656	-0.04158594991959641	0.6670614986084868	0.07055708438558987	0.025264563805403997	-0.9971878072398097	-1.4477069166002896	-4.047278713536469	0.09983330969190855	-0.04382047714469125	0.6787411643916468	-0.004852468361431217	0.13210023191737696	-0.9912245350512578	-7.590973588043339	0.28048512375083273
300.0	600.0	0.03854952478312615	-0.0484083733486809	0.699670884562871	0.10543423394457922	0.006556529199019008	-0.9944046554524294	-0.3756641429039295	-6.052315827375687	0.10192983830993593	-0.05131929114800042	0.7094559772260243	0.04465095682785736	0.11680015502290902	-0.992151231279946	-6.707466146521184	-2.5768110862582274
300.0	600.0	0.036244052424232044	-0.039096319461112194	0.6974292843636599	0.022405461504697133	0.2106055894485394	-0.9773143616401758	-12.157843684868245	-1.313306752591629	0.09895231661725731	-0.04276476905161966	0.7106769899430141	-0.048215593132215795	0.17748662845195945	-0.9829413676043393	-10.223397117647846	2.808242270581482
300.0	600.0	0.03473079242452619	-0.028632956757258195	0.6933515688766463	0.1731548427315889	0.050194968073949124	-0.9836146917868851	-2.8771688748973667	-9.984013395413353	0.09781885476844554	-0.030977684662026318	0.7049999277464591	0.022434483960979884	0.0927341516634479	-0.9954381442440625	-5.320920489877698	-1.2910733721545367
300.0	600.0	0.040298975221191705	-0.008041249648269575	0.6817894285782955	0.1173143723362154	-0.017120907453568292	-0.9929471804206488	0.981003668698422	-6.738125158856457	0.10346841724737527	-0.010024293060831626	0.6930577361948869	0.030913935835413964	0.08352870535862604	-0.9960257505356216	-4.791425003484848	-1.7777347892706286
300.0	600.0	0.03976227589118371	-0.004807357507071706	0.683752355256575	0.06784968491433668	-0.05555308668934157	-0.9961477117024837	3.1845968623135934	-3.8965160673824037	0.10297767477853306	-0.007289218151833395	0.6946582864351077	0.014556757495457429	0.0468994097132177	-0.9987934898175669	-2.6881242990965464	-0.8349891450510634
300.0	600.0	0.03552788496749573	-0.002124556915955013	0.6703846605205979	0.09698169200645734	-0.08658366456195758	-0.9915129313505825	4.9670979537459345	-5.586434712516598	0.09869603755994744	-0.003635839287491085	0.6817330589656572	-0.0031151899422753593	0.010384414974828619	-0.999941283500767	-0.5949938447302925	0.17849713936567185
300.0	600.0	0.03615030758169213	0.0003038535550741791	0.6838248476471954	0.08951918842587973	-0.05219545671411321	-0.994616496737578	2.9919389522397934	-5.142976199614272	0.09937453798909393	-0.0022803870494946133	0.6946555453858948	0.06397873905132936	0.008731813668042984	-0.9979130700000917	-0.5003024283681027	-3.6683571462109708
300.0	600.0	0.034939000170503366	0.002499991311028918	0.6854904847020099	0.0912465597616709	-0.05868028370200697	-0.9940980041574564	3.364065106994915	-5.2443866482570325	0.09826842986159587	-0.0004043813126473131	0.6956015468757586	0.06307469564094495	0.025596784222449456	-0.9976805307360267	-1.4667479025340444	-3.617501188747321
300.0	600.0	0.033913461611452256	-0.0023605778275977048	0.6911052036590619	0.1427331681273191	-0.04404501157759832	-0.9887806789412729	2.5244099314137114	-8.214060466077637	0.09722393955532924	-0.006146455587914107	0.7010418095040881	0.03470375662682726	0.0782502878294977	-0.996329536360766	-4.487999293039931	-1.9948974440005265
300.0	600.0	0.034214579091968816	-0.02080513320091524	0.7075519893018754	0.1304323894313832	0.061102684185506156	-0.989572510989321	-3.5031080622759805	-7.508690273552346	0.09735077979364737	-0.024660094022169038	0.718517620229531	0.04109982306894122	0.09650175745134587	-0.9944838906846588	-5.537761355058687	-2.36656130182448
300.0	600.0	0.02983994334641845	-0.01793653603353563	0.6851982932517033	0.11091907640681611	0.040818986166409554	-0.9929908306237615	-2.3394055871808637	-6.373632976238076	0.09244718335684673	-0.019761521652505686	0.6992797899542837	0.01121978237532309	0.0860326750669928	-0.996229167816557	-4.935410337992878	-0.6452521375875264
300.0	600.0	0.029679710479933445	-0.007430183256389888	0.6830877704323162	0.08205828794566639	0.016254109801644732	-0.9964949289997457	-0.9313329035312014	-4.707509565700459	0.09196094628320178	-0.009427036597923294	0.6985262246025914	0.03143370629991635	0.052694980690844384	-0.9981158132459824	-3.0205990100712126	-1.8038223738195958
300.0	600.0	0.027760827865274597	0.004960094687682328	0.6855423898266153	0.1077795385662848	-0.03588783529160489	-0.9935268633424963	2.0566631346067727	-6.191335367083457	0.09043182649087965	0.0017093415516917683	0.6990725102597768	0.035780502791069674	0.013816068412982042	-0.9992641943221845	-0.7916275956969712	-2.050705239549854
300.0	600.0	0.02284723092491754	-0.04654383892668766	0.6405845483570792	-0.011422825184566044	0.04832490205508788	-0.998766376139283	-2.76989173358571	0.655259483095316	0.0859944243792628	-0.04995768514422887	0.6516327715834661	0.01808086453539262	0.10258027089226796	-0.9945603533459784	-5.887773427698124	-1.0415085598323452
300.0	600.0	0.010549281500459131	-0.04982451234192643	0.6334406169020709	0.0216145836388839	0.0467030887702805	-0.9986749783636711	-2.6768635983805273	-1.239873960562618	0.07457605464213601	-0.05343398877539238	0.6364120853198901	0.11470050248978336	0.08819522203063031	-0.9894773592727008	-5.0597880168340446	-6.612231451562507
300.0	600.0	0.01624841774046134	-0.04425954991990231	0.6326902326710585	0.0031847793346067334	-0.012716707173747427	-0.9999140684682397	0.7286332897045422	-0.18248947911662153	0.0796793111774644	-0.04991567624863123	0.6408029151099699	0.10003738583265362	0.0568379551695111	-0.9933588711352848	-3.258330924390701	-5.750651346766692
300.0	600.0	0.006556511947574829	-0.04843055104293276	0.6450925502954508	-0.0379674568240559	0.07204505186668442	-0.996678516084435	-4.13145672408667	2.18156973248144	0.06973269081399301	-0.055334492093881374	0.6541695346746905	0.12770540656233859	0.1052894786106385	-0.9862075852647705	-6.043844912128461	-7.378254249425456
300.0	600.0	0.010578466105349137	-0.05091661650099723	0.6424914650731228	0.16784168653238948	0.03189220282448929	-0.985297939951688	-1.8275985227952802	-9.667318710425752	0.07344225558682146	-0.0544575391850662	0.6550170972804079	0.06769475405864145	0.09282287177274294	-0.9933787985160384	-5.3260257980586045	-3.8984488474517893
300.0	600.0	-0.010744586259752996	-0.05523688405429818	0.6330784292386833	0.22465670471040272	0.07008928294389533	-0.9719140017813649	-4.019115349345504	-13.015260359066172	0.051800161505233436	-0.06222491841166277	0.6457515317180336	0.16644991536604897	0.08966654084915776	-0.9819645140033468	-5.144423726942012	-9.620592870259866
300.0	600.0	-0.01033666808283146	-0.054605244258088256	0.626208622134477	0.22861076413315629	0.06833570566419082	-0.9711165084402958	-3.9184012405677584	-13.246823700169408	0.05232902338009186	-0.06084621643960789	0.6386724499301744	0.09087807498187037	0.12169210343497043	-0.988398821090116	-6.989768746810815	-5.253275470028693
300.0	600.0	0.004637523038535665	-0.043486577671263474	0.7084404386841815	0.21143754253457475	0.026022764712598977	-0.977045000866795	-1.4911629202786532	-12.210808429142784	0.06854400816104571	-0.04797374818070498	0.7125771141274815	0.19773424915842935	0.07289040349823345	-0.9775419214545632	-4.180019489525642	-11.435322177136682
300.0	600.0	0.0035857120904822393	-0.04355668438664685	0.7047142000446427	0.2309565016022115	0.01779480881339774	-0.9728013988719432	-1.0196212584776871	-13.355544553265773	0.0674473625114915	-0.04851746536930039	0.7089997433199521	0.15572526298340414	0.05068378563536745	-0.9864992367701201	-2.905211753492606	-8.970486034672952
300.0	375.0	0.039046183913326316	-0.017473622528805986	0.7082333267411474	0.15950982754487342	-0.03983275177134871	-0.9863923955774311	2.28285251510303	-9.185799296263038	0.10190469417227543	-0.023366023377272095	0.7198683138010535	0.05619176470906498	-0.046712079828504775	-0.9973266756944262	2.677379310916109	-3.224771512045618
300.0	375.0	0.04059077653117879	-0.03241895886201948	0.6836904553352072	0.1924439357594902	-0.06280022043090101	-0.9792964070155039	3.600556919842498	-11.117667782431623	0.10448034156602172	-0.03753126157911777	0.6873337319106163	0.1134374994319021	0.022929287785152262	-0.993280471695596	-1.3138665625322539	-6.515231232169399
