300.0	290.0	0.039634344301664085	-0.0019437652283914976	0.7072559449731128	-0.05240677155695024	-0.10650485450424681	-0.9929301190159905	6.113874596696362	3.021263235878059	0.10374722083107762	-0.004777868051240286	0.7089270368111917	-0.02866813877534033	0.018399179824701312	-0.9994196255496625	-1.054254838947194	1.6430666648382475
300.0	290.0	0.08862335465346427	-0.003578630597977174	0.703707802763706	-0.14841831764143032	-0.037022403477463106	-0.9882314625353631	2.1217123455133025	8.541175768924509	0.15272187034700777	-0.006025854174728437	0.7011238123868759	-0.23343609985182362	0.0010110652421954523	-0.9723716670042869	-0.057929781059989346	13.499460515516608
300.0	290.0	0.06098832103389497	0.0014452561367017391	0.7096563490447481	-0.13361737604650106	-0.0678933966547675	-0.9887046618673692	3.8929998062226083	7.696543316753588	0.1250692950536073	-0.0017541079322588391	0.7074933738121583	-0.053017729585890835	-0.028726214683648565	-0.9981802839019379	1.6461173104560638	3.0403730033438015
300.0	290.0	0.06517573307779508	0.018219570315633878	0.7355187892583723	-0.1179804646292632	-0.06847605354291748	-0.9906521078807956	3.926461462159024	6.791580172277576	0.1290147701994469	0.01748517993941228	0.7422510722124136	-0.0731499168105053	-0.044734050625861346	-0.9963171954235746	2.563927914503046	4.199139465955215
300.0	290.0	0.025252943379887788	0.012154112454704581	0.72707648212381	0.10632729743806998	-0.09031099074359249	-0.9902214651170907	5.181498406774701	-6.128782806345362	0.08911262857952668	0.008165163550655661	0.7323028112812118	0.18014925172495316	-0.0634216256963258	-0.981592569972599	3.636231936979719	-10.399621818139757
300.0	290.0	0.00897238215032951	0.011805716772548934	0.6846169236412228	-0.013132956337092438	-0.06519773539489526	-0.9977859413003072	3.738206628888334	0.754089120303293	0.07166147755930073	0.013513346405039657	0.6983445214449444	-0.11617576018939281	-0.0013421421929923003	-0.9932277461874899	0.07689910625188204	6.671451889380649
300.0	290.0	-0.01462985099135164	0.0027352118185409975	0.7069841400311148	0.14247807649592437	-0.08207702103803911	-0.9863890698494203	4.707962998237628	-8.219189635473912	0.048561444509563116	-0.0003423976315282389	0.7178779050646795	0.18273639930774488	-0.02775717109879628	-0.9827700996847073	1.5905730454173157	-10.533292270651904
300.0	290.0	-0.025047071648389953	-0.011027604320347975	0.7038232070638706	0.12407618919907072	-0.030531052529752474	-0.991802884358356	1.7495723351015915	-7.130751467697903	0.03789464236913467	-0.0118319790702043	0.7164319041185047	0.11910389332879584	0.025357687758394594	-0.9925578871146449	-1.4530442360391658	-6.842599671643641
300.0	290.0	-0.039637476176841345	-0.015917202637061534	0.6792043886834636	0.16707882765319865	-0.0454589560175069	-0.9848950544633808	2.6055042331914806	-9.628066593299932	0.02280588446400954	-0.018046831383312055	0.6939548807734712	0.16184184203605062	0.0545335278591317	-0.9853087129713157	-3.1260917461872317	-9.327823784107682
300.0	290.0	-0.04959240422529922	-0.018284846971425503	0.6881116997500608	0.15253874765202205	-0.035052506735348266	-0.9876757013831041	2.00877219636055	-8.779517151663503	0.013120576082616294	-0.020515094205087115	0.7016539935658568	0.18328286070073715	0.072245102137409	-0.9804019878055241	-4.142948706706984	-10.589023978871534
300.0	290.0	-0.06823274393778186	-0.01670392947854244	0.6788949423304552	0.16900068904327176	-0.045770283965654794	-0.9845526118054487	2.6233605972214864	-9.740029065735852	-0.005409605872047713	-0.02003559851778918	0.6916792658794049	0.10645335175976059	-0.043358054117697	-0.9933719214385598	2.4850125284445705	-6.116680864021461
300.0	290.0	-0.07540848852270618	-0.016435631889665594	0.6736557549563427	0.23586023649180654	-0.015432994489905219	-0.9716644678730381	0.8842805544846366	-13.64399208610078	-0.013216856544908236	-0.019890411768142643	0.6891976670506448	0.255818715378749	0.026266980614089254	-0.9663678535211727	-1.5051602455431037	-14.827336568331386
300.0	290.0	-0.09138000681838708	-0.018600267753358938	0.6630123717441365	0.30463028889541155	-0.028897261624959193	-0.9520322579128447	1.6559216485188346	-17.743577935134464	-0.029044225959640617	-0.02163010559962691	0.6780575081999238	0.2666905277623883	0.03560012262526494	-0.9631244416311776	-2.0401678722502155	-15.477485811239267
300.0	290.0	-0.1041165325088271	-0.01923997442839467	0.6612103575334671	0.3222091681176573	-0.022416664622629114	-0.9464030286804173	1.2844878662832169	-18.801480929214684	-0.04194500937854801	-0.02294230794195283	0.6767757056449986	0.3062434378783113	0.08491174994519232	-0.9481587104042224	-4.870950167431829	-17.899809510750543
300.0	290.0	-0.10452514004823121	-0.016049726488890623	0.6554087457360578	0.2992022659056621	-0.03972493838559288	-0.9533624283492238	2.2766703700059767	-17.42388900294891	-0.042672315811116864	-0.02081731513170011	0.6719249152690698	0.3122986351644774	0.04734528948578429	-0.9488034726719374	-2.713699739564205	-18.2189586508968
300.0	290.0	-0.12513946924627956	-0.01506211547869333	0.6625562028713121	0.22932212538597488	0.15610178415931683	-0.9607515809482073	-8.980701703600467	-13.424761241327461	-0.06293801899322618	-0.02041245361971323	0.6775107704615595	0.27581988718716727	0.1519859694706931	-0.9491172858262213	-8.742033973656014	-16.20422101298748
300.0	290.0	-0.14046997330907762	-0.012612279200273541	0.653543830124103	0.36597341683939677	-0.0014266577105160778	-0.9306241817507738	0.08174149335117238	-21.467524270201057	-0.07751782452264205	-0.01915647949867858	0.6642902727560827	0.3893084716783522	0.007766857097481417	-0.9210747085620856	-0.445012606005259	-22.91220742894075
300.0	290.0	-0.1390953231391086	-0.009498998419103667	0.6029822079156215	0.3741722401324835	-0.1099101606730804	-0.9208229646314242	6.310136753637371	-22.114143321465207	-0.07658670951335568	-0.012775152795612204	0.6172379316329646	0.3523921063288349	-0.041984822362217275	-0.9349101687511099	2.406260407703123	-20.652738951271502
300.0	290.0	-0.12468160353529459	-0.00871915273295783	0.6668004500487784	0.20652951414106976	0.0024950589398609543	-0.9784372189969618	-0.1429564952156468	-11.919087321429492	-0.06313313606131245	-0.01547352901947541	0.6837548057192807	0.23578297844140977	0.003087800845206167	-0.9718008458329854	-0.17691823754623848	-13.637847210044846
300.0	290.0	-0.060954889760712117	-0.010420724030388594	0.6928935503443041	0.2135212807275058	-0.03375995389875118	-0.9763548478060706	1.9346704954805334	-12.335931878158128	0.002039918658995772	-0.013018857283667988	0.7049844328340193	0.2941790014546876	-0.050542511802280074	-0.9544130451372163	2.897106971464651	-17.130882504576878
300.0	290.0	-0.026676954170819348	-0.017271209571167543	0.6835908893188477	0.1606703560712522	-0.0020071025097936485	-0.9870060532122341	0.1149985800725851	-9.24582727715111	0.03624688273566585	-0.017771571979611427	0.6963041111781509	0.15183979677788886	0.03939394318407087	-0.9876197500928201	-2.257690885051394	-8.740398382153007
300.0	290.0	0.0023010009689096687	-0.017998296503203573	0.6873244853887572	0.11917281364818466	-0.0362572692028982	-0.9922112252998335	2.07784392366847	-6.848890958692217	0.06481564705937876	-0.017879521045964207	0.7019255312482755	0.0933386065583099	-0.012590438641765258	-0.9955547831582127	0.7213980564815416	-5.356130012328908
300.0	290.0	0.02764247464079548	-0.018035217186217326	0.6743279984877352	0.07296766358912672	-0.020049586196953614	-0.9971327706643792	1.1488336479934178	-4.185300726345108	0.09056724405239625	-0.017216286083947367	0.6870200578148975	-0.02308606322786559	0.003295007545424288	-0.9997280670489025	-0.18879036743614455	1.3228586738480466
300.0	290.0	0.04356534260361307	-0.018084505630951448	0.6651217491296231	0.024347809832834758	0.006822999288683025	-0.9996802738136533	-0.3909320961000913	-1.3951970819747137	0.10612869881793269	-0.015975638438104983	0.679357786569188	-0.07860322344564101	0.0059120764307682636	-0.9968884136522308	-0.3387390009654934	4.508362606647156
300.0	290.0	0.026210129717765186	0.018665676534423886	0.7530639411271873	0.05655182187123728	-0.10476090785753392	-0.9928882657473971	6.01339161836538	-3.259867020178299	0.08989369739726996	0.01612419740289584	0.7607600255245637	0.14629490376851112	-0.06938204688063421	-0.9868048674893164	3.9784948164614784	-8.432740769548662
300.0	290.0	0.034976972065478146	0.011360655798878285	0.795996430860414	0.06013040084708724	-0.06357845082110136	-0.9961637482307825	3.645235525477806	-3.4542945621453294	0.0983872395491952	0.008916466827984257	0.8057149462581286	-0.02664155138756072	0.013166004771052954	-0.9995583481860719	-0.7543783019529829	1.5267614423394922
300.0	290.0	0.04669946366890626	-0.0466606272312778	0.7775741254539967	-0.004874681752210348	0.02611634830973312	-0.9996469727226481	-1.4965266884046522	0.2793951111548077	0.11052347364389391	-0.04542964978000981	0.784376042010729	-0.08268777486787028	0.09237910108454836	-0.9922847072889502	-5.300489890146638	4.763491600626115
300.0	290.0	0.0530331759981789	-0.058218279733353265	0.7617739882676791	-0.0008196497083644144	0.06260319880071129	-0.9980381401939006	-3.589246155885736	0.04705477327854365	0.11638944549095376	-0.05830150373836424	0.7721307161940791	0.003647104893024694	0.025807833580688257	-0.9996602459802747	-1.478844136151126	-0.20903381076528252
300.0	290.0	-0.024025358481021372	-0.06077235295907113	0.7137978578815918	0.13850364389593134	0.004940264084964965	-0.9903495858452251	-0.28305743314967036	-7.961365729025506	0.037902373580619354	-0.06160953559668423	0.7306958089571073	0.14264138717721064	0.07517744759829706	-0.986915270567229	-4.311418087306497	-8.224154461220113
300.0	290.0	-0.042247329557143026	-0.05433221696334936	0.7021711133008535	0.1622840030807741	0.049986382598556374	-0.9854771467868861	-2.8652027861277998	-9.351287901883111	0.019722013701467502	-0.0570947290995483	0.7187075774456293	0.16705080613931508	0.11813886428816271	-0.978844826858411	-6.784703295668078	-9.684859649616046
300.0	290.0	-0.06225060277462355	-0.04303980817944389	0.713632044773905	0.21637343774816675	0.029496208267250586	-0.9758650403905595	-1.6902533999494551	-12.501643426408316	-0.0001838099474970453	-0.04693562947565731	0.7295638189437872	0.17271446680265373	0.08157341479988307	-0.9815882692030078	-4.679011402396872	-9.979277632656718
300.0	290.0	-0.06691052659007854	-0.02742231809385683	0.7528217428147899	0.26565687948038597	0.005707074132280141	-0.9640507341082757	-0.3269930362294031	-15.406245719957903	-0.004085247786481155	-0.030849779896913215	0.7655701730105609	0.18579788476245523	0.08428677826767078	-0.9789662188827125	-4.835013095015266	-10.746347317371269
300.0	290.0	-0.06603180921241578	-0.020931536341849785	0.7567645503642352	0.27053772924538977	0.0014153993920318735	-0.9627082784138957	-0.0810964385663229	-15.696284339457845	-0.0036300690061646847	-0.024377586846652588	0.7714421925034718	0.22544345394726464	0.05418050592539321	-0.9727485200846946	-3.105835131102762	-13.048460201526172
300.0	290.0	0.001812957603389495	-0.02713728488602807	0.7719222352261893	0.06089119540815088	0.06603109931898857	-0.9959578631124624	-3.786057983112698	-3.4986131697923706	0.0644878823290356	-0.02854820329777077	0.7857478904905013	0.13136594882556027	0.057130959618908905	-0.9896862855150049	-3.2751461664458157	-7.56095413958807
300.0	290.0	-0.004093935002954616	-0.03428353228134651	0.7148333858806193	0.07326078625204448	0.08025995649828577	-0.9940780682872624	-4.603508194659841	-4.214919664492446	0.05809687641583941	-0.033905274862774865	0.7307533582428721	0.08596768965842626	0.13835764057493416	-0.9866441937242406	-7.952821117978623	-4.979685154820218
300.0	290.0	-0.04995866836172198	-0.037182585550704354	0.7279699200964348	0.23209752229656277	0.011847523488536037	-0.9726203947071409	-0.67882897471069	-13.421552386847136	0.012498532165478101	-0.040102410001384564	0.7425252748190077	0.15347750151389322	0.15009303283389955	-0.9766866394884895	-8.632317984079283	-8.930485473773839
300.0	290.0	-0.07375925505066724	-0.02078564039245407	0.5440465766052449	0.19388921700337153	0.01723616963072015	-0.9808720104542801	-0.9876086796388682	-11.181524431579748	-0.01281552417559042	-0.02059336013953649	0.5642235515754467	0.03598129809125007	0.04155605484822853	-0.9984880584051505	-2.381672378983363	-2.0638051972389815
300.0	290.0	-0.11278835395268721	-0.00275437452691689	0.6773477860050889	0.2992008975092861	-0.023727084277233433	-0.9538951016556535	1.359589378622564	-17.41467275583299	-0.051619180284029245	-0.007854254655262481	0.6961522811854353	0.2973357404057783	-0.0455323727238496	-0.9536866738241561	2.6097150607712787	-17.31617732168037
300.0	290.0	-0.11689795489089862	-0.012737143107117248	0.7029518403298227	0.31877325388062794	0.018149916829113287	-0.9476572487586201	-1.0399707359218069	-18.59192675323912	-0.056159768704699325	-0.0187973650921733	0.7228373142220899	0.30235469364434997	0.05511001074338255	-0.9516010399941631	-3.159171529712151	-17.62675021800839
300.0	290.0	-0.07880829206829612	-0.055996587426068306	0.7524778527508009	0.22979258620520007	0.07959589392418315	-0.9699792936740875	-4.565338091420567	-13.327923369001606	-0.01621274632966882	-0.05746940549182509	0.7666522692906872	0.2015806269958269	0.1061100574626778	-0.9737073106110439	-6.091125480029411	-11.696362735043689
300.0	290.0	-0.013579132118004857	-0.07547123398799052	0.7382194490749102	0.12719922048358487	0.06924726744741803	-0.9894570011799912	-3.970753905690525	-7.3254565070990605	0.04892572121528489	-0.07515869930788369	0.7528595056142569	-0.029971450066017584	0.0574717272130971	-0.9978971612519038	-3.2947028445099846	1.7203391091396345
300.0	290.0	0.016553717825552296	-0.07237972083486545	0.7433262533432343	0.103847249525671	0.08259179296301286	-0.9911580161105121	-4.737557738564307	-5.981265539875248	0.07918820623252046	-0.07237963263689214	0.7574048358573652	0.04698081669418186	0.07647560675139044	-0.9959639871577121	-4.386011886970397	-2.7007087413164386
300.0	290.0	0.04385349609301714	-0.0677216886323848	0.6860897202905334	-0.05086637578340862	0.07928827420925388	-0.9955530958898894	-4.547656898280984	2.924903289499539	0.1057776220125966	-0.06717120730692337	0.7030126403406898	-0.03969532521761533	0.12351390253952392	-0.9915485962488244	-7.094943622846847	2.2925358722253604
300.0	300.0	0.013763769419688529	-0.05153044834251033	0.6425065297835492	0.17717374080010193	-0.009665855742186383	-0.9841320776808978	0.553821363445743	-10.205663616130536	0.07674790037465992	-0.055904608371879105	0.6541320016235257	0.09835269817265407	0.04383318203068316	-0.9941858219552618	-2.5122612593287963	-5.64976709159413
300.0	300.0	0.012819250994831985	-0.05221756998843465	0.6436708228832662	0.17665878660520348	-0.034603763553499436	-0.9836636802934402	1.983045497774218	-10.181366250541897	0.07581149863478817	-0.05655626082734052	0.6552655683607844	0.09746292163219829	0.0730934400289173	-0.9925514167393475	-4.191683739855882	-5.608142005468782
300.0	300.0	-0.005958595255372021	-0.05786784433980659	0.6655818058243299	0.23409160055026842	0.03451047499788916	-0.9716018497217773	-1.9776972628886478	-13.546304451799493	0.0570859792073126	-0.06356338178515332	0.6762695608573228	0.2011647220677917	0.02884349218547228	-0.9791326719722867	-1.6528396018604377	-11.609974797551661
300.0	300.0	-0.008946703598059888	-0.05468635558350307	0.6351452918808136	0.25208945688080253	-0.005065603409907221	-0.9676906654081829	0.2902389373553212	-14.60138165951832	0.054007716993254226	-0.06053040589060993	0.6462751448734425	0.13381125037807354	0.02824891553666925	-0.9906041017847294	-1.6187589800469222	-7.692974807669819
300.0	300.0	0.004916264750775709	-0.04334788548560749	0.7110479490966868	0.2762513046930733	-0.0035158881483013382	-0.961079018295627	0.20144596716721525	-16.03669922534397	0.06855911962088991	-0.04885271490421211	0.7174173682751712	0.16539641924939374	-0.015006786283270498	-0.986113004648644	0.8598577939958407	-9.521346017122058
300.0	225.0	0.029471048641745757	-0.03584872020517441	0.6635273232922868	0.23420728746135921	-0.056167004982057255	-0.9705628290166352	3.2198267977271735	-13.566724795196858	0.0934218528465989	-0.04136639852529265	0.6624617290328069	0.10382357617121199	-0.062171244485874626	-0.9926507078893586	3.564448691542487	-5.9709846740251615
300.0	225.0	0.030185774839068747	-0.021223913610893517	0.7039384577308814	0.19017627626814518	-0.0069712629476488645	-0.981725268350127	0.39942718008153255	-10.963340710016439	0.09426762429449469	-0.02477133270688229	0.705427756810026	0.09254232667577528	-0.017918358582974095	-0.9955474672703402	1.026701267686033	-5.310737573591012
300.0	225.0	0.029870573291294902	-0.009215082663893407	0.7242140267586716	0.22148272513883938	-0.06955244551531144	-0.9726807351780377	3.9882815816207264	-12.827728457945975	0.09391838470095482	-0.01210863279407199	0.7274989689034257	0.1265175875973548	-0.029215946771937406	-0.9915340507266863	1.6741886754398514	-7.271523641635014
300.0	225.0	0.029195420753174394	-0.008796319774946645	0.7209621800439057	0.17004294033402273	-0.04383532075511885	-0.9844612373726205	2.5123839171090436	-9.799828080622076	0.09306795855147798	-0.011973722006383875	0.7265736552404594	0.08363242016372145	-0.032697965416133096	-0.9959600994448979	1.8737894140378593	-4.799960807541982
300.0	225.0	0.0364696761530345	-0.02320402718639422	0.6997280419838102	0.186547106754817	-0.009491458446853	-0.9824001660070458	0.5438286760235689	-10.751835569399672	0.10047610754722043	-0.0272897339938869	0.7025153998155529	0.09046243758346037	-0.012976450610173676	-0.995815317072468	0.7435167206009818	-5.190649610731758
300.0	225.0	0.03791212681905696	-0.03055966445748983	0.6722625333700711	0.005482257458041928	-0.0274752795815733	-0.99960742224699	1.5744156887193599	-0.31423042513253335	0.10185594357475229	-0.03489971748592505	0.6759554809789639	-0.09919007808152487	-0.03517309255568985	-0.9944467034264098	2.015685518001044	5.696069481840107
