1620.0	290.0	0.031699099385380514	-0.010375207021492451	0.7393580979085581	-0.1987464182231078	-0.0388386361707074	-0.9792810155377667	2.225849767320803	11.47243665481415	0.09552803769081852	-0.014765114763547771	0.7340778546912023	-0.22156104866284385	-0.05624462576256437	-0.9735231733352318	3.224281182328567	12.821377496551154
1620.0	290.0	0.031971167632829395	-0.010470103288311562	0.7115613125971725	-0.17354986622252305	0.03612714746425019	-0.9841621980991718	-2.070383609571686	10.000876140943824	0.09607690862895334	-0.013882277461769767	0.7112504068792158	-0.22423947905214367	-0.06521544313952427	-0.9723495104149283	3.7392233717670087	12.986287899637839
1620.0	290.0	0.030788931857091778	-0.012787548761336209	0.7170760958513642	-0.15849810077337567	0.04393684625640629	-0.9863811858472467	-2.5182065096733486	9.128622311057843	0.0947899258911407	-0.01691588619443979	0.714227373978371	-0.16794154610612433	-0.06725393296552208	-0.983500135856603	3.8562772979513524	9.690308644645235
1620.0	290.0	0.043290817970578016	-0.03277867873976791	0.7678229420501431	-0.23163655652463586	0.12884035110930162	-0.9642327167746179	-7.402585789923072	13.508132888590477	0.1066433658211306	-0.03620024096380175	0.7580232881578819	-0.2926921607804439	0.004747882569617189	-0.956194916642914	-0.2720346549211518	17.019398711731583
1620.0	290.0	0.04597609752259384	-0.05065653232849659	0.7543931249994464	-0.22510079461222632	0.0779545835569337	-0.9712119866160879	-4.471004773684274	13.049213026598126	0.10888558153302866	-0.05459437448890532	0.7422203749289755	-0.2571263470354032	0.013967251867308822	-0.9662768706232849	-0.800290605496803	14.901104795254653
1620.0	290.0	0.04225809099166026	-0.062226351130029646	0.7251710029928748	-0.20802875169565416	0.08647118479718145	-0.9742929841287993	-4.960629076215384	12.052675814724928	0.10606359236584313	-0.0675580575472671	0.7205109037785732	-0.20830036448699982	0.02956952775871556	-0.9776177593203782	-1.6944561305576182	12.028106730932272
1620.0	290.0	0.044113346562153696	-0.07522349365655398	0.750015858513648	-0.16174235660148836	0.060249310910729915	-0.9849921310264431	-3.454123119719453	9.325134167549487	0.10759576683058156	-0.08016961786380178	0.7418424996076183	-0.22326489804039779	0.044756547154322326	-0.9737297896848733	-2.565218162914859	12.914032626935727
1620.0	290.0	0.040386071786916375	-0.07606106458525479	0.7450930900344077	-0.2505166276590257	0.09144640818371826	-0.9637836259090148	-5.246823354326666	14.570478863424322	0.10383340632799799	-0.07999802052950733	0.7361364309953078	-0.23880093732163157	0.042414597452969466	-0.9701418301986425	-2.430906661728539	13.828472473681655
1620.0	290.0	0.0255255273701317	-0.07278045808723253	0.7490092532855779	-0.19716435304788688	0.058118138287254206	-0.9786462251979174	-3.331801482812014	11.390697885959296	0.08911350830145381	-0.07812359556895346	0.7419874880839463	-0.19916742562824544	0.030345388928971012	-0.9794955262948979	-1.738929663070327	11.493641874459273
1620.0	290.0	0.023075986124878333	-0.05247000772164455	0.7642593268196773	-0.2001873091024572	0.05527742298811424	-0.9781970069009028	-3.1687781885516264	11.565840315836002	0.08689988698673914	-0.05678435413250536	0.7588573163198676	-0.18605604040799614	0.017275459115610757	-0.9823871914045305	-0.9898601365278692	10.724328060396662
1620.0	290.0	0.026660108744064378	-0.023234832057829412	0.705689914472329	-0.15969331068099668	0.03461929069304142	-0.9865594654405616	-1.9839356706924751	9.194654491476468	0.09061103332759447	-0.026709585056100625	0.7012750577215101	-0.24335166002813866	-0.021451119884005068	-0.9697008845179799	1.2291529133725825	14.087751499059255
1620.0	290.0	0.024287206669144242	-0.006860888748979968	0.7062536005031421	-0.2230814558359683	0.013085606490819603	-0.9747119755010143	-0.7497714229450058	12.891209197235423	0.08818425231793076	-0.009498479724334664	0.700641444516249	-0.20630135968403873	-0.06055449184574771	-0.9766129608089045	3.4716406840029186	11.927900047202781
1620.0	290.0	0.02291610109590052	-0.013665560295840509	0.7326153970989656	-0.2518637650865763	-0.02117448426350822	-0.9675310736237618	1.2132992587488969	14.591170940124295	0.0862658067838662	-0.017539271718192487	0.7229668338545199	-0.18855374297744848	-0.03345575237233217	-0.9814928831511205	1.917231180298394	10.874555551616126
1620.0	290.0	-0.011081140270381004	-0.018215709371658527	0.7041158841503079	-0.2317406487780201	-0.009537295884350355	-0.9727308777808022	0.5464550866145549	13.400193183915496	0.05282847927156249	-0.023051383243818502	0.7004467682045052	-0.08820030631605794	0.0077533291373648346	-0.9960725523039544	-0.44423748764635645	5.060233117573123
1620.0	290.0	-0.03296751718203353	-0.024663632984316473	0.7061755925526176	-0.1339262297212238	-0.0557688840695028	-0.9894208583864321	3.196980339237393	7.708603003861883	0.03076559860428339	-0.029472156140270888	0.7001544895935103	-0.10994500489167552	-0.06076354667723553	-0.992078560708627	3.483640741106697	6.323878291242901
1620.0	290.0	-0.04908738140184427	-0.030239546982475943	0.7188834335248833	-0.08595554592535372	-0.0162308570519401	-0.996166741454407	0.9300004433357574	4.931626045560812	0.01411376523947075	-0.033537873536605256	0.7081120952244249	-0.10612840819999526	-0.05797292059030024	-0.9926610446727195	3.3234670693110644	6.1024850385074645
1620.0	290.0	-0.06624785887752206	-0.03410944432872252	0.701690228335741	-0.06824362995827798	0.03041666103182776	-0.9972048829672732	-1.7430151396582712	3.91492768949059	-0.00242781372084659	-0.0388188878437405	0.6965805706567609	-0.011469082277975483	-0.026053440778365848	-0.9995947141715904	1.49292112549673	0.6573675971685778
1620.0	290.0	-0.0735177969109406	-0.0377281541591348	0.6920565801858776	0.04667416822420433	0.04827386345193332	-0.9977429876589496	-2.7669640201089876	-2.6783297172975686	-0.009360299458883038	-0.039780986161568374	0.6911147600986991	-0.08953425962679996	0.006351885665447775	-0.9959635162447308	-0.3639386878802175	5.136917727275615
1620.0	290.0	-0.09302612889834949	-0.03449732548852308	0.6822782453567715	0.09713118283011202	0.05363638082245599	-0.9938253054360618	-3.0746136591037403	-5.582055452494674	-0.028942623779818207	-0.03653260340813429	0.6855105261506873	-0.024217270791121084	-0.03475424882628296	-0.9991024134610488	1.9916728581286123	1.3885220800209876
1620.0	290.0	-0.10802912254496233	-0.03587853003612715	0.6844308370240537	0.0853405217777942	0.04337512235615744	-0.9954072730122709	-2.4859913873561377	-4.900229451686998	-0.0440360300489972	-0.036766463008598975	0.6894688238696944	-0.012094424296274567	-0.03688006238263434	-0.9992464900889705	2.113551228049436	0.6934481522988184
1620.0	290.0	-0.104640904456411	-0.023697118878760488	0.5949468698237305	0.06877008838178127	0.025824386960411568	-0.9972982692140986	-1.4797928911577651	-3.9446657508744365	-0.040465687349875906	-0.025326842992164752	0.5945331884718728	0.02733483168765658	-0.0785021448240165	-0.9965391336618711	4.502474162732529	-1.571215642642493
1620.0	290.0	-0.1274656836881115	-0.035621443755097744	0.6778088053957538	0.09153456933161058	0.02963591316304939	-0.9953608294485025	-1.6982614017329865	-5.254210117318054	-0.06334726786948686	-0.03731055444232772	0.680503481928073	0.020458341467411365	-0.023336616715679853	-0.9995183299047163	1.3372110383278957	-1.1725777653173137
1620.0	290.0	-0.14606528775330763	-0.0363335071946714	0.6803126450977119	0.08878866659281333	0.08178736534551329	-0.9926869530183392	-4.691310963779583	-5.111092346403883	-0.08188734110643026	-0.037850241866166784	0.6807325304921266	0.06791567716495883	-0.005097969593542716	-0.9976780371290134	0.29209340702224207	-3.8943300338319813
1620.0	290.0	-0.15745717635486178	-0.03487660954781359	0.6645972068698033	0.11626768973534635	0.047902904835021055	-0.9920620875246459	-2.7456850388781717	-6.684457403695604	-0.09356877046818261	-0.03789849421734372	0.6701131319890008	0.058815313969031585	0.023613247099677902	-0.9979895344192374	-1.3530651608536035	-3.372756781013239
1620.0	290.0	-0.16695584312341893	-0.029790680747498816	0.684980964094066	0.11479488225899108	0.018529069242297667	-0.9932163833317383	-1.0616982233060697	-6.592931279951713	-0.10284426970540245	-0.03214793824645481	0.6826496308773217	0.08436583916480121	-0.04339690726258957	-0.9954893934361284	2.487240746969389	-4.844133594094871
1620.0	290.0	-0.15815129780980874	-0.02209163853392136	0.6703339384693889	0.08893954577399024	-0.044836366566986356	-0.9950273858144421	2.5697960739903163	-5.107753046251543	-0.0940640604322209	-0.024337422757951047	0.6733452641152478	0.08596313832499336	-0.023781088445973535	-0.9960144678504954	1.3626844629019697	-4.932809811928079
1620.0	290.0	-0.14404568772640686	-0.004102112876125972	0.6827842841973573	0.10512912277013496	-0.09235634108137251	-0.9901606235592282	5.299180239218173	-6.06060559625526	-0.08014542231950897	-0.007566565128004391	0.6878871535019803	0.037223339960587826	-0.05560955770901163	-0.9977584870731198	3.187837422782557	-2.1365407321470227
1620.0	290.0	-0.13498053177749353	0.0030992317278730717	0.7030510514511359	0.12566214827805058	-0.06674972393511527	-0.9898249947843741	3.827323184044959	-7.235217901813739	-0.07103835916969493	-0.0007789405030092823	0.7072515235626613	-0.011881686596694085	-0.027205313201626377	-0.9995592258159965	1.5589419701708105	0.6810386183812455
1620.0	290.0	-0.1128522363894928	0.019216801795582293	0.7105342512314983	0.09418623098595852	-0.08442062572708736	-0.9919688100304817	4.842709420209413	-5.4239041965602715	-0.049217460236724145	0.013493934283659461	0.7167912213485441	-0.03358062394622616	-0.04675729398802897	-0.9983416512871117	2.6799727251576217	1.9264977026454129
1620.0	290.0	-0.09687366455961705	0.016921435951911763	0.7174821911883869	-0.009615397937445286	-0.0826178468412137	-0.9965349048980999	4.739055635063533	0.5528201987422229	-0.03290589728953093	0.013020414784374598	0.7212494724292986	-0.04923935701690184	-0.12026124259465606	-0.9915203807426198	6.907179865780656	2.8429991348756563
1620.0	290.0	-0.08332398885807782	0.013199984030067476	0.7089781293137061	-0.037594342712254605	-0.05819414538422754	-0.9975972113623716	3.336163751826032	2.1581639837322153	-0.019302341240842284	0.009596704784802864	0.7120653025632608	-0.0031110946972704445	-0.11093564672984513	-0.9938227524826209	6.369254301314557	0.17935996444929203
1620.0	290.0	-0.05195938793025928	-0.009506408014276184	0.7985394449423466	-0.1631873998907486	-0.01723798194652421	-0.9864444832109259	0.9877125331150372	9.393361379950147	0.012032958154458743	-0.01067681635172811	0.7935499148527594	-0.05169665481782733	0.0024513109962354535	-0.9986598179245866	-0.14044991501738852	2.963330004693622
1620.0	290.0	-0.03299444070788216	-0.020386924173166156	0.7872796416886007	-0.13557577860117673	-0.03304524837230666	-0.9902156809096991	1.893698020779264	7.7962004693394	0.031147977169638866	-0.02158774905688774	0.7849145048972701	-0.045020400478524916	-0.017811637449960706	-0.9988272265377603	1.020585621169498	2.5807608913432283
1620.0	290.0	-0.012499653620902941	-0.026384431484024442	0.7754463019564182	-0.21372816977773396	-0.03135590613575292	-0.9763898034889149	1.7968556090495031	12.347089662422269	0.05162365046679501	-0.028002340714322237	0.7728252589928757	-0.09745191041208333	-0.031355000488732084	-0.9947461811640271	1.7968036937705762	5.595218868281177
1620.0	290.0	0.0010754284610631805	-0.02938512178215589	0.7795675233333585	-0.21494832557821164	-0.002595059800791291	-0.9766219307094265	0.14868614105344272	12.412538711828333	0.06523435269316397	-0.030599635661471423	0.7777119853967749	-0.1882753994516411	-0.027320718098439133	-0.9817362099021868	1.5655566424043657	10.856256982583652
1620.0	290.0	0.03081974434316772	-0.036616868067693854	0.7611008696780255	-0.25065901310798533	-0.03719507828148705	-0.9673606393934117	2.131612702058651	14.526785477489897	0.0945213699926575	-0.03975388485152182	0.7537832444534156	-0.17505646795173857	-0.009241049524765711	-0.984515025747101	0.5294806722326345	10.08237922063279
1620.0	290.0	0.04833312905390787	-0.04252428818746307	0.7427866338532421	-0.2265745771803988	0.02829590635105636	-0.9735827097626018	-1.6214524320800927	13.10082532693082	0.11203974832161043	-0.04595317116230736	0.7356455522375194	-0.23595439811665486	-0.014625770826595795	-0.9716540174452056	0.8380248197251414	13.649376719960113
1620.0	290.0	0.0628867144200669	-0.03998674507293742	0.7327897408859416	-0.2976036980662249	-0.016221799362792368	-0.9545516368548473	0.9294814076415295	17.316083431761296	0.12593683296711522	-0.043178198216798115	0.721137153119643	-0.23645530755294347	-0.008368153207611383	-0.9716063030288736	0.47946545706642274	13.677912301621165
1620.0	290.0	0.035841408175151704	-0.058428358935189675	0.7378403530512214	-0.10919656407176263	0.1362072951653901	-0.9846438870747247	-7.828437706314996	6.328217738039618	0.09820634860687286	-0.0614801475384472	0.7229210228086637	-0.16307105735287272	-0.0023263344570797206	-0.9866115848290528	0.13328926634989635	9.385222180677738
1620.0	290.0	0.008699128677384807	-0.05894664710188435	0.712232224001913	0.002224607925803309	0.12152661080787083	-0.9925856833615455	-6.980215816251587	-0.12841252291030028	0.07243744095012186	-0.06220564599785689	0.7052973773246817	-0.14688820730672073	0.023410229468898952	-0.9888759863180518	-1.3414298909793474	8.448969267446412
1620.0	290.0	-0.013059660479881795	-0.05918300467760795	0.7143296516253757	-0.0005471453394767581	0.10635556993695508	-0.9943279712873498	-6.105272361845136	0.03152794296592518	0.0503223898663799	-0.06338024455428443	0.7050353256713764	-0.10465414301176142	0.017684272509255278	-0.9943514324714835	-1.01328699801736	6.008183660394208
1620.0	290.0	-0.03887650954299926	-0.06507694683882963	0.6999214749006296	0.0056684032966034525	0.14410233088371333	-0.9895466418801457	-8.285300621380127	-0.32820285521316966	0.02494842691748157	-0.0691566207351134	0.694351971302178	-0.04878557652635504	0.08093009517222936	-0.9955250876173937	-4.642029626028023	2.8055278032456608
1620.0	290.0	-0.042561513195338505	-0.0686164661082794	0.7075642034696	-0.009231317852881886	0.15098847367766846	-0.9884923933686558	-8.68421438869683	0.5350574071986308	0.021305842832147325	-0.07163039245761132	0.7018054965282136	-0.0969137625350461	0.02885403164313524	-0.9948744274695507	-1.653443719744087	5.563802662668818
1620.0	290.0	-0.04828032032160291	-0.08117996940329789	0.7200903064821016	0.054697374543237656	0.29428538566524726	-0.9541510846951858	-17.11469092394395	-3.2809295850096425	0.015353878045388306	-0.08247871960799501	0.7117065322894237	-0.13431626527613363	0.06421965891088413	-0.9888553540593448	-3.6820492772432107	7.735149351360204
1620.0	290.0	-0.047864456124612174	-0.08168901500103674	0.7389049499445264	-0.04654280538409265	0.1104026183875336	-0.992796525431704	-6.3385252674832735	2.6840900486765795	0.015517721600328303	-0.08571218208054393	0.7295348220312037	-0.06931510660100489	0.0580440794041644	-0.995904801105519	-3.327551046074144	3.981373329720268
1620.0	290.0	-0.04977395989210453	-0.0793220548193916	0.7224540179589409	-0.020255205062766984	0.08298762042433158	-0.9963447051695091	-4.760315106808852	1.1646350079863703	0.013020229013817457	-0.08306319301101282	0.7096407690229303	-0.10745864637980382	-0.008687482011260114	-0.9941716049079257	0.4977623151896776	6.169071950295556
1620.0	290.0	-0.07925452776051703	-0.07141983873476435	0.7160371323463066	0.03319205238829978	0.12513023712187246	-0.9915849925623044	-7.188276870447742	-1.9171878390407584	-0.015601846475503379	-0.07503850325522769	0.7085186846385405	-0.06622596683413093	0.03480293332277616	-0.9971974984240881	-1.9944639628072913	3.799552779383985
1620.0	290.0	-0.09496175106868018	-0.061885205543407276	0.7024949706108031	0.07612320780906526	0.1633623080676872	-0.9836249212558621	-9.402110812435584	-4.425327268929347	-0.03107154092107471	-0.06543923260156403	0.6973281957383803	0.00106363933272198	-0.001984580712280165	-0.9999974627151893	0.1137081735578923	-0.060942176334811256
1620.0	290.0	-0.10920666418662714	-0.04522890396399825	0.7002264089276562	0.08685251695735355	0.04599556493369141	-0.9951588359355297	-2.6362818542795394	-4.987852436938366	-0.04515855002665062	-0.04952504135107282	0.699409157607929	0.043162427203076004	-0.009896300794313986	-0.9990190725226993	0.5670255240043279	-2.4739146023989482
1620.0	290.0	-0.10569686259007167	-0.02573234588757422	0.6973800179111178	0.09745745575060566	0.04781259167472534	-0.994090530144244	-2.7405045399417975	-5.599202317749374	-0.0417228957308647	-0.030802405211907895	0.6990863843320319	0.04050217286482571	-0.03820611699650326	-0.9984487792533501	2.1895821675007237	-2.322935334905103
1620.0	290.0	-0.09334276534155936	0.002160349218143901	0.6759695155316625	0.055347761201422235	0.004107119456584537	-0.9984586751411901	-0.235321272404931	-3.17284128753342	-0.029684997648545795	-0.005594194629052649	0.6789429454840618	0.020695022389997247	0.009341873319235666	-0.9997422059890233	-0.5352576995070958	-1.1858738298275358
1620.0	290.0	-0.08333187278063026	0.0040488400853338075	0.7085086733594318	-0.06973340443448062	-0.024521949905714897	-0.9972642326553226	1.405145084081114	3.9998797059966056	-0.01951963784865597	-0.0024409974989513823	0.7058316778918003	0.05132438365792143	-0.06488172076878063	-0.9965721968306303	3.7200619062023925	-2.948180591553708
1620.0	290.0	-0.04833839578067588	-0.0015448768618169456	0.7059988992199189	-0.09540244588267324	0.005854158769380866	-0.9954215802179531	-0.33542050597943135	5.474577513262171	0.015566836195882852	-0.005947191492227126	0.7017531277311677	-0.0971840178577881	-0.0698302486093964	-0.9928136992170122	4.004237321249492	5.590727403543952
1620.0	290.0	-0.032631121851050354	-0.0036992597211520173	0.7053014970679803	-0.14369634979923912	-0.05254984180257581	-0.9882256187624705	3.0122716265754845	8.273306132448546	0.03106172582524325	-0.0079432388192999	0.69848274205577	-0.1377682710606417	-0.08882140070910892	-0.9864739316816472	5.0958067707582355	7.950350837472174
1620.0	290.0	-0.011184836640342526	-0.007639898801561315	0.715372336548828	-0.16781075430034936	-0.009095178583505673	-0.9857772554149317	0.5211225316611479	9.660959587663104	0.05229140055107677	-0.012810606023310384	0.7072904603765997	-0.12197011587259754	-0.06375242875223036	-0.9904842092367461	3.65522399029051	7.020169546716889
1620.0	290.0	0.004348566327621163	-0.0061374559215754175	0.7037222109185806	-0.1984011958479634	-0.04251391697179122	-0.9791984596748935	2.4366023886045274	11.453976170670721	0.06796743139745126	-0.00787302595687761	0.6953011998452645	-0.1941539944102633	-0.14637084011333326	-0.9699895738582021	8.416669567200666	11.318796990173247
1620.0	290.0	0.0040694217509973235	-0.010915650844359472	0.6990545639340555	-0.1440855367454876	0.030069122723558793	-0.9891083408671787	-1.7230935487232766	8.288101848684462	0.06782342540982426	-0.01449599206837728	0.6924293244812145	-0.1513244301521951	-0.11808441357954665	-0.9814056223843413	6.781561508375064	8.765492068640636
1620.0	290.0	0.01241700901932687	-0.015390297627667759	0.7137874442919313	-0.091287853307477	0.04760104142582476	-0.9946861973208738	-2.728369786648681	5.243661461118696	0.07635357796234554	-0.02116772649737602	0.7136388136501349	-0.17876927972192475	-0.010167821800959664	-0.9838385011036407	0.5825833146873352	10.2986200312576
1620.0	300.0	-0.0034906915369524207	-0.05052500104087578	0.7159520994367126	-0.08314430372075142	0.022405234050078035	-0.9962856176081596	-1.2838327781887464	4.770523839876903	0.06048778619417561	-0.0557883798150923	0.7153717075826329	-0.24126859015723356	-0.0014654766432653926	-0.9704573163802157	0.08396565668853657	13.96144037534494
1620.0	300.0	-0.0021737256282759274	-0.0502495975427787	0.71957189781661	-0.12437346439790742	0.028774470785926112	-0.9918181778835616	-1.6488833248580614	7.147550525440162	0.06179003493412047	-0.05563744196952716	0.7186263340867753	-0.22273387717994975	-0.017756385590105686	-0.9747175940681825	1.017419422060976	12.871721458036154
1620.0	300.0	-0.06741287825035956	-0.05037636853926989	0.6807808701822318	0.01318655720738239	-0.009481005837952028	-0.9998680718524383	0.5432297587001674	-0.7555899588005758	-0.0033815212081043256	-0.05495874680166492	0.6813031233824716	-0.1331041791145569	-0.02360069464901074	-0.9908210438862194	1.3523457579221914	7.65115166175286
1620.0	300.0	-0.09313361777350715	-0.049696319209740165	0.7062227085135584	0.10821048865808437	0.03136904859860032	-0.9936330059567658	-1.7976089873075325	-6.215238846370143	-0.029153124502653106	-0.0542299080394492	0.7089113283749255	-0.12889118794909607	-0.060399808965604165	-0.9898175825132274	3.4627617556478456	7.419144708564523
1620.0	300.0	-0.10523186659153269	-0.04973953893702151	0.7049261605066014	0.06980843891040947	0.06811100848132523	-0.9952324540705335	-3.9054969742885373	-4.0123175473565595	-0.0413151546067132	-0.0539498006786244	0.7091938588012829	-0.057624561889464465	-0.018057444810060733	-0.9981750069087566	1.034671611057762	3.30401346687524
1620.0	300.0	-0.11267655573264693	-0.051473903769768035	0.6839898961003111	0.09997137006708719	0.0023357839433043037	-0.994987563573449	-0.13383068350012228	-5.737537596352036	-0.04878333051707183	-0.05678584360446367	0.6872647534043739	-0.062291883690241676	-0.04751922067526099	-0.9969260943611115	2.7236764919217116	3.5754185529005644
1620.0	300.0	-0.09357831823470171	-0.07103162420389506	0.6931964418260719	0.10101695371942977	0.03706373293212739	-0.9941940785878083	-2.1240819751831856	-5.801734174396873	-0.029654831938447493	-0.07467647532816515	0.6978642661192631	-0.04177532624010398	-0.016795443840631058	-0.9989858391909884	0.9623532952822156	2.3945846186771407
1620.0	300.0	-0.09531968869467916	-0.05593741264348544	0.6771600937787581	0.04452314843037951	0.03499411360031906	-0.9983952342999938	-2.005424462321061	-2.553397074253017	-0.03140785821121201	-0.05914419058680044	0.6822865080316669	-0.09213184024504444	-0.012287868493510004	-0.995671005300413	0.7040607225369359	5.286662435381386
1620.0	300.0	-0.09926320962448164	-0.04576597992065071	0.6780241599787167	0.1076176221653792	-0.04121522713515825	-0.993337694289012	2.362127644384959	-6.183274433187449	-0.03523789282406808	-0.04869201342046944	0.6816960478013794	-0.04724161736743793	-0.05303513350233795	-0.9974745489920017	3.0401156214111507	2.7115721339470302
1620.0	300.0	-0.10817440976897283	-0.023804491283931653	0.6700580304855304	0.15944965265018443	-0.03513552657415892	-0.9865806135382851	2.0135318145937395	-9.180671041626452	-0.04434559281245179	-0.026938149856574292	0.6761693260518267	-0.06954644231246429	-0.05419835654731883	-0.9961052912467931	3.1068594013884656	3.993816608067126
1620.0	300.0	-0.11090693201815974	-0.00950175316739411	0.6492991099242689	0.12136596485030099	-0.04116730774920212	-0.9917537900169013	2.359379733604558	-6.976886662459815	-0.047023852318925766	-0.012693492551652386	0.654780948252959	-0.10059549161373792	-0.09789357992701804	-0.9900996813688313	5.6178862992731275	5.801422402151097
1620.0	300.0	-0.12276926926162407	-0.017844504287704274	0.68035941627242	0.11234260706255118	-0.04287823525427698	-0.9927439729599343	2.4574953408484554	-6.456337375942383	-0.059248681788328456	-0.02111107356798817	0.6890628705178393	-0.04226665332803438	-0.0063609577492519664	-0.999086143968087	0.36445849049477214	2.4224714514450216
1620.0	300.0	-0.12904754522260733	-0.031753186545739956	0.6937087220239562	0.10838205523796825	-0.03272142932683798	-0.993570652237105	1.8751345168638294	-6.2254033350089255	-0.06536986354062718	-0.03512561369220713	0.7011293159602783	0.01780823044065001	0.029850651276544845	-0.9993957391096209	-1.71057043523756	-1.0208453310424759
1620.0	300.0	-0.15150818824671192	-0.043413974538134524	0.6976964669128984	0.15050502943830074	0.035845383713851584	-0.9879592099122625	-2.054229272387042	-8.661803918612843	-0.08774323053843502	-0.048803740084030364	0.7028215249066714	0.08987628666319909	-0.05597219428882885	-0.9943788776194463	3.2086473804240234	-5.164608392743311
1620.0	300.0	-0.07977590316016508	-0.05553737944614155	0.6941818205684784	0.07477390741846998	0.026231745281502676	-0.9968554529259349	-1.5031407138181394	-4.28971050121297	-0.01603289057611732	-0.06111387641701171	0.6993795750703191	-0.13661435108995115	-0.0062776645371100115	-0.9906044276926668	0.3596860456839454	7.8521359740098555
1620.0	300.0	-0.06934929630113806	-0.06305726344303811	0.743971568507912	0.05829773109287782	0.03193425751865697	-0.997788349924166	-1.8300093072295507	-3.3438162252232675	-0.005350954580327041	-0.0673909996270177	0.7465632110935254	-0.10932595780737217	-0.009044105799688146	-0.9939648258030377	0.5181961563381364	6.276719088863659
1620.0	300.0	-0.054005588552368367	-0.0629006157147721	0.743050585520233	0.06889679020116035	0.047370819031482506	-0.9964984789497197	-2.715164117850467	-3.9550721284756762	0.009997780538388125	-0.06718371955396095	0.745601936172872	-0.0585178622543993	-0.017135014601598456	-0.9981392466220278	0.9818120673289819	3.3552363479684106
1620.0	300.0	-0.02110108590820574	-0.05982463064437654	0.7456744552113652	-0.041693702962296686	0.055275796295020496	-0.9976002319581957	-3.1686848431851393	2.3932269453274713	0.042902887322187964	-0.06434204661328237	0.747764906670864	-0.19811984936694343	0.03646583298803474	-0.9794992101509282	-2.0898016559845205	11.434742558007889
1620.0	300.0	0.0072540370803344835	-0.037448537740517124	0.7446298970278384	-0.16784723121464787	0.03071723379160736	-0.9853343114956081	-1.7602447413144826	9.667281919270858	0.0711588035371749	-0.04356074974045213	0.7443023116463952	-0.2631687932664099	-0.014675368601547868	-0.9646381768280546	0.8408668679272611	15.259853907458925
1620.0	300.0	0.012918406045576066	-0.027117665289780497	0.7376092292413641	-0.13672727460228776	-0.0024823834441778103	-0.9906056169639293	0.14223024056064423	7.858536061786321	0.07692921474512396	-0.03195178242062616	0.7368789520249949	-0.2461920307616103	-0.022849775523948075	-0.9689516533826973	1.3093096516354426	14.256091310996444
1620.0	300.0	0.012927289227341808	-0.02061739815091524	0.7364107750573743	-0.12153107096354157	0.001965979752860475	-0.9925857107597934	-0.11264241500908041	6.980486621183329	0.07686493545570561	-0.02569604059275311	0.7336775700994247	-0.2949708280713236	-0.054466654683882156	-0.9539526165416606	3.1222544924234468	17.18208460024977
1620.0	300.0	0.012705447647205638	-0.016134767402793557	0.7479746290732608	-0.125049921096354	-0.03283539254215148	-0.9916069541261058	1.8816676387400078	7.1875348343267955	0.07673629591740426	-0.0207255860597976	0.747464259133994	-0.25457679403894584	-0.05320877435390589	-0.9655876263890224	3.0500785767420227	14.769907773163718
1620.0	300.0	0.012448157588409803	-0.018125926637977945	0.7489110390751401	-0.1455118193757217	0.010886503390764482	-0.989296621882409	-0.6237630193378564	8.367417988945393	0.07646214735501783	-0.02284022759453644	0.7477840500471579	-0.2613881236775465	-0.04903470421897326	-0.9639874787416629	2.810608675283938	15.171132062153063
1620.0	300.0	0.020712103924900818	-0.028570939806738593	0.7515360488737861	0.05599565390993127	-0.02812847063089475	-0.9980347131323363	1.611855251873371	-3.211265585445927	0.0846336858988816	-0.03414301998495274	0.7494699162428043	-0.03501857467614293	-0.03119457721293252	-0.9988997139278181	1.7876076186237777	2.0078043338596765
1620.0	300.0	0.02278242148575877	-0.03688465330169524	0.7496172700668319	-0.1246520456822838	0.03533194138761151	-0.9915711945504874	-2.024792546253493	7.165159766905485	0.0866989590720964	-0.042458826216456566	0.7474058354853372	-0.2824037864550587	-0.036285176997724114	-0.9586091437508679	2.079443975389287	16.41483772520758
1620.0	300.0	0.02744780223361421	-0.04194907809787582	0.7571902547307291	-0.1938035300605992	0.029144856706277585	-0.9806073935432942	-1.6701137794634096	11.179647402496098	0.09139139576282208	-0.047310892687439245	0.7552528816390942	-0.2989690650364728	-0.0016858475301929979	-0.9542613094753195	0.09659199413637554	17.39571890090461
1620.0	300.0	0.048004948005703055	-0.04683451464668792	0.7569389905304794	-0.2030393841892964	0.05645399373553224	-0.9775417833176525	-3.236296174002647	11.73372893576021	0.11209114181413218	-0.050592505396679845	0.7565884305655162	-0.3498612332092542	0.03310734973324175	-0.9362163089920454	-1.8972581146416958	20.49056539650247
1620.0	300.0	0.05700833974821824	-0.043588933613725525	0.7390513457227104	-0.23155949298913914	0.03898010688251155	-0.9720395230947636	-2.2339615847636765	13.399275664002657	0.12101095567980076	-0.04758460860088113	0.7360537868944369	-0.36625412711633965	0.009293057031163066	-0.9304684142323482	-0.5324606108112804	21.485759032292865
1620.0	300.0	0.07041009241769822	-0.04163997284698334	0.7448519609274339	-0.24289173136045655	0.02638929640665509	-0.969694384593612	-1.5121708544254682	14.062273863177927	0.13424040869557322	-0.046508528494652965	0.7400276979381688	-0.33328921679731927	0.030008192308055882	-0.9423469601975474	-1.7196009169774344	19.477665511121916
1620.0	300.0	0.03956084088402049	-0.03923248788275574	0.7482517066854213	-0.14424864386107256	-0.01647321866152418	-0.989404361759593	0.9438885976099101	8.294905612088812	0.10347031142048305	-0.0442700495085463	0.7448622860515983	-0.2727345889254087	0.04044863211477037	-0.9612386784518621	-2.318168323239622	15.840359181371959
1620.0	300.0	0.026556979277272737	-0.03900798863274009	0.7482562581296313	-0.15039465966695736	0.00441741460140796	-0.9886161979001541	-0.25310003617146803	8.64988315609349	0.09053729437774588	-0.043854830579463114	0.7461794754242776	-0.2573414598248418	0.02698218344319008	-0.9659437358649517	-1.5461528817895647	14.917929803440954
1620.0	300.0	0.009287530923831942	-0.039483655005738735	0.7449514003744306	-0.10444766993190871	0.009667433765656153	-0.994483440227605	-0.5539117817551572	5.995626346808534	0.07328043334475876	-0.0444555863553681	0.7437373319999515	-0.23117740727671768	0.0014593480620826993	-0.9729105332435131	-0.08361451447687908	13.366414839528938
1620.0	300.0	-0.0027255374811147575	-0.04027293791228426	0.7431262370959004	-0.12675008413757813	0.02934163965588984	-0.9915005881502597	-1.681393436004345	7.284986045246172	0.06124445316851626	-0.04565082548877149	0.7435781719566743	-0.19588238351190362	-0.003670938697645086	-0.9806204857484703	0.21032976662144473	11.296352152106412
1620.0	300.0	-0.007569363229559563	-0.04345015599418484	0.7510814681411888	-0.08640338277750806	0.033333959030345785	-0.9957023791138803	-1.9102490414415392	4.95949294019376	0.05629526107605592	-0.04958415684990297	0.74885224867639	-0.20339623800219758	0.00306004111808493	-0.9790917087982994	-0.17532771482727116	11.735688353880022
1620.0	300.0	0.009346204328130936	-0.06395792979945258	0.7780487169145986	-0.1291149851743864	0.0818495471777477	-0.9882459117946916	-4.694885705546341	7.443569843332187	0.07335669351557647	-0.06884893374681889	0.7781935547147906	-0.20200356565809507	0.037131737721325726	-0.9786806668873014	-2.1279810465482645	11.662301674134177
1620.0	300.0	0.0139826524280989	-0.063568974723442	0.7703542674794917	-0.1481046528216636	0.06451701113778008	-0.986865048153856	-3.699121709603504	8.53501819499828	0.0779538892584579	-0.06894819343916306	0.7701796592890917	-0.23458319180763115	0.0023353820272340314	-0.9720932502066576	-0.13380765534276842	13.567092240562895
1620.0	300.0	0.013342740337601891	-0.05815374299732652	0.7637359752140416	-0.16366453642803847	0.05794571416300945	-0.9848127721065991	-3.3219056309891637	9.435662482492926	0.0773718840517065	-0.06267002731503603	0.7648118724292763	-0.24489377876166557	-0.0075067631250208405	-0.9695208865545648	0.43010988448829257	14.175963789325625
1620.0	300.0	0.009104233847098025	-0.04758420167566065	0.7524363325590697	-0.13271291574682734	0.051359875472797564	-0.9898229498920439	-2.943999367880582	7.636528098089608	0.0730745802627075	-0.05288172661899575	0.7534446145430715	-0.2552464154035772	-0.03969626821687512	-0.9660608168759495	2.2750263936095436	14.800118506059334
1620.0	300.0	0.006830088917912782	-0.04217763400016257	0.7624268718155103	-0.12790761839728162	0.04155681861803581	-0.9909150742630264	-2.381716177604921	7.355087054899134	0.07073018909181775	-0.04808843927053032	0.7641946960257482	-0.2604359225256607	-0.018637308544474866	-0.9653111966844047	1.067900949602738	15.098615282371604
1620.0	300.0	0.0037588933810822935	-0.032930324842356	0.7380154053378272	-0.1178480065691273	0.017526626460756606	-0.9928769940064543	-1.0042531446338128	6.768965533724242	0.06777189783484534	-0.03767325806965714	0.7390762864911499	-0.26969704442681564	-0.04508449987200172	-0.9618892341413654	2.5840274563842915	15.662574324225906
1620.0	300.0	0.004343597827384398	-0.030051992546761438	0.7415245724559147	-0.11100058906555094	0.008490879899309592	-0.993784125602411	-0.48649742837769716	6.373228676683375	0.06834816449206495	-0.03495008322486863	0.7423670553299855	-0.24084467029866546	-0.051259705793490776	-0.9692090977954404	2.9382524981566447	13.955115756530564
1620.0	300.0	0.0015976120148812195	-0.005114874752035236	0.7396666855751479	-0.03367676766246998	0.11825003855727315	-0.9924126280271598	-6.791118076688028	1.9435429075358088	0.06559453225543997	-0.008339468536389748	0.743575882201958	-0.19952756336069483	0.12826666928681182	-0.9714609952980543	-7.369441227672656	11.606522876235857
1620.0	300.0	-0.00023297873751498485	-0.0028441106496207014	0.7355070000253581	-0.149450491470498	-0.05222038874693477	-0.9873892482729226	2.9933694032921556	8.606915682484832	0.06373268372826806	-0.006282140250958813	0.7397330621866895	-0.20977022729418845	-0.077183824658013	-0.9746994831543476	4.426710079396515	12.145669594520431
1620.0	300.0	-0.002636211701804357	0.0029401783471898132	0.7296880573867356	-0.12953514110168338	-0.036715291820350986	-0.9908949028439263	2.1041041720822444	7.447780446820404	0.06135593934485992	-0.0015692510264997944	0.7321284005515813	-0.2509602811174957	-0.08834997716557368	-0.963957088968564	5.0686895814830075	14.592667298238187
1620.0	300.0	-0.003511969225735748	0.003668674926788157	0.7324032725866034	-0.15662236532635734	-0.046991135550651084	-0.9865400637437016	2.6933856032386796	9.020948534389888	0.060489748071615015	-5.3144226018035645e-05	0.7357519841002154	-0.25011748252490007	-0.09627527145265734	-0.9634170260974501	5.524723958289676	14.553550546017332
1620.0	300.0	0.004288984738878595	-0.0064409778591212235	0.7384022827105277	-0.13926763015172614	-0.006385123302730035	-0.9902342397088973	0.36584310283744437	8.005633282729526	0.06836024676756912	-0.009527296703924035	0.7409778684025004	-0.24528588531359558	-0.10361457640354153	-0.9638977624937749	5.947352250862623	14.277193032628782
1620.0	300.0	0.014938455429491782	-0.012450206320583817	0.7450722245976908	-0.1739158990476399	0.007367522264513227	-0.9847329884179129	-0.42213175019628146	10.015850552411083	0.07901567773772761	-0.016236067754292625	0.7461029806712999	-0.2547729351804814	-0.06270803691668399	-0.9649655367682916	3.59526476278517	14.78990062690416
1620.0	300.0	0.022390418468611	-0.013381915694515079	0.7397831368034428	-0.17908524837963047	-0.0035469522393617135	-0.9838271640848568	0.20322581957769714	10.316548280871837	0.08640429935300664	-0.0181494671717917	0.7389004530279465	-0.33062541458359535	-0.034032643212229874	-0.943148184825308	1.9503034256893044	19.31837573991617
1620.0	300.0	0.04247743410716276	-0.018906599547827543	0.7455005237611154	-0.2652685398547557	0.005012264205839667	-0.9641615815036862	-0.28718278727992463	15.383107499723394	0.10648376145928456	-0.022679268008466615	0.7487009386087133	-0.2768652317205676	-0.012193747732084703	-0.960831437577015	0.6986675960796022	16.074427345360768
1620.0	300.0	0.05804292100827639	-0.020581356632117992	0.742033325864629	-0.29051133449434635	0.02098138589907883	-0.956641488971205	-1.2022330789083195	16.892401585065045	0.12215177337260757	-0.023345128542383946	0.7439574456566415	-0.33111472009357	-0.030757202140308762	-0.9430891330396287	1.7625358415539953	19.345964704387384
1620.0	300.0	0.0781513863938209	-0.025943549493076194	0.7495376920060517	-0.3247303914401576	0.007212166766508939	-0.9457791500450204	-0.41323029930467836	18.949752853975195	0.1423166816857574	-0.027669876481063085	0.7505961337128718	-0.35666054961095206	-0.002544691468204359	-0.9342305888647867	0.14580023864515337	20.895320643470022
1620.0	300.0	0.07670976491661025	-0.040735511855731994	0.751119255933618	-0.3491267932180683	0.04207019646773216	-0.9361306323705079	-2.4111563093851673	20.452832481901712	0.14089839985201494	-0.041649700749230856	0.7516379344602113	-0.3290193887875688	0.034908733723190435	-0.9436777647032101	-2.000529564982877	19.221441347945273
1620.0	300.0	0.013851223331548144	-0.061633857743352095	0.7259133710703706	-0.19536703525613802	0.06294271057772036	-0.9787083123795041	-3.6087371874605205	11.288842924852675	0.07778215744085429	-0.06646499939077839	0.729196868886977	-0.28935498689038464	0.014338623615160917	-0.9571144722643982	-0.8215707707768689	16.82112453943587
1620.0	300.0	-0.011467348821581238	-0.05249545016343412	0.6889888248481435	-0.14711033159862627	0.037314593943936575	-0.9884159681167927	-2.1384652021285744	8.465442011245322	0.05250140452262708	-0.057547074830167945	0.6909292648580079	-0.2519456816733081	-0.01951203087040719	-0.9675446610317694	1.1180279687374155	14.595517748193974
1620.0	300.0	-0.018812679157124264	-0.04545625481405054	0.7233798551462824	-0.13162423198505913	0.041909515179763455	-0.9904133176441461	-2.4019418228923977	7.570150972768416	0.04517395050351372	-0.04984253924336142	0.7261650584054985	-0.13517206609918922	-0.04509280731616895	-0.9897954886001495	2.584503922444601	7.776529044101363
1620.0	300.0	-0.021249184172922004	-0.05040445620121262	0.7290290921441152	-0.08674616300270502	0.04143206577731711	-0.9953685783304806	-2.3745622048766544	4.98073092195202	0.042684046627935554	-0.0561071312839798	0.7301723855807546	-0.18834370204648876	-0.023147247581305222	-0.9818303272670094	1.3263580544233304	10.859085491678599
1620.0	300.0	-0.011410634784886827	-0.054157059792342886	0.6863942415786674	-0.10366251013657603	0.04946062938085405	-0.9933820310444257	-2.835042037137128	5.957430929254768	0.052645274139471836	-0.05838854725112677	0.6868639961720694	-0.2367931502066497	-0.027649448111847733	-0.9711665656986492	1.5843986030908392	13.702687498475534
1620.0	300.0	-0.0041662168511617526	-0.06527341888061802	0.7420779900158638	-0.09337573881789574	0.07775596686586761	-0.9925900395915491	-4.4595902286317	5.374159263753885	0.05978085971359051	-0.0709283312461904	0.7417969409507361	-0.20663032111513135	0.01277890936780919	-0.9783356455376884	-0.7321975025171575	11.925941119793755
1620.0	300.0	0.03615903388373866	-0.02970732084629151	0.7348622139940854	-0.18995405716408695	0.025408018819586972	-0.9814641230401637	-1.455928922860281	10.953683336059209	0.10006325107738133	-0.03571991116202836	0.7336851812076042	-0.29829574707746737	-0.02367546919712988	-0.9541798394293106	1.3566312213831706	17.3602907155558
1620.0	300.0	0.045680606106024604	-0.04984890885668865	0.738315570303322	-0.19342834422217775	0.04939593110524183	-0.9798701805772987	-2.831330562375654	11.166732572113423	0.10969982931673293	-0.054562896656877656	0.7375390381824323	-0.33582221110555566	0.0005900279254528601	-0.9419251751407892	-0.03380611188481223	19.62254808283436
1620.0	300.0	0.025242702418893755	-0.072521435308183	0.7499578374542211	-0.15818934354970027	0.06412471670629369	-0.9853243577518309	-3.6765982541950426	9.120746291982558	0.08915733034061465	-0.07815837344779338	0.7478528696027369	-0.24088534414058976	0.028364012711903905	-0.9701389957690463	-1.6253562059881874	13.944524240969594
1620.0	300.0	-0.012818501402805448	-0.07105129534156428	0.7499248595917951	-0.1061057171652604	0.06340082926377533	-0.9923315871530711	-3.635037986319629	6.103200455029927	0.05110735495487167	-0.07646627670467329	0.7475906596448296	-0.18630702180836692	-0.006462280071300647	-0.9824702781410135	0.370263951250265	10.737571491000557
1620.0	300.0	-0.020742378470721887	-0.0652758573338812	0.7473505664077406	-0.08376934871064473	0.06629812810907568	-0.9942772606875505	-3.8013912052055585	4.8158818644279355	0.04331560428562553	-0.06944259817902082	0.7466443514726535	-0.05679945075631942	0.03514149406995945	-0.9977669126955189	-2.013873938195165	3.258135921655644
1620.0	300.0	-0.031623516927656636	-0.05445289599964821	0.7017663340925506	-0.07503654937912026	0.022621693885938904	-0.9969241900334191	-1.296238157511246	4.304425799055141	0.03236912416429455	-0.05954029665995293	0.7023544363080285	-0.19686835142154926	-0.031958862107497266	-0.9799089282215148	1.831419766255553	11.359767980445556
1620.0	300.0	-0.04360918175275912	-0.04990648835083887	0.7011167259246549	-0.06008966658929695	0.05028469334750287	-0.9969256671416322	-2.8823162545913195	3.449328320687963	0.020437637124921353	-0.054284687444072076	0.7014659936832663	-0.15152277869994843	-0.014496491026063943	-0.9883474260193723	0.830616847388229	8.716107428528298
1620.0	300.0	-0.0008027219707765418	-0.04986120789503701	0.6445444424367025	-0.14158815965077154	0.029433979725535325	-0.9894879442714956	-1.6866864183951098	8.143309018251465	0.0631347372699747	-0.05478592893261666	0.6415387724353732	-0.2593759513682411	0.01950830875876801	-0.965579416521982	-1.117814666849417	15.035964965641837
1620.0	300.0	0.0008732377698461285	-0.05222874024851697	0.6527920435383361	-0.14207433312697737	0.04255995073323873	-0.9889406047934136	-2.4392423182642937	8.175355036066989	0.06466535781407512	-0.057662611872220125	0.6480672067096835	-0.2555835616125414	0.005113883308306394	-0.966773443827475	-0.29300520760020454	14.808364720206042
1620.0	300.0	0.011156045837808626	-0.054227339108922745	0.6402173257248369	-0.17796848702132848	0.020603249122895934	-0.9838204893147489	-1.1805627526558804	10.253652129157107	0.07498331874694612	-0.058788604895972776	0.6453709371789504	-0.26384197619588334	0.044314185366226666	-0.9635474423171815	-2.539847526697507	15.313565671850055
1620.0	300.0	0.004321947929052723	-0.04871447392204266	0.635305071598214	-0.1915699099382877	0.026748469226047053	-0.9811144035732526	-1.532757208496737	11.04841951227276	0.06729471947590018	-0.05524776531962887	0.6459367116805526	-0.29133635721082973	0.06536049800485924	-0.9543851942410647	-3.747552173149689	16.975374200966264
1620.0	300.0	-0.003105192550082847	-0.05406337767688132	0.6321832626634248	-0.16597769333146853	0.050098235987783846	-0.9848561357721719	-2.871619552833107	9.56616012391606	0.06025458686399749	-0.059079873260450874	0.6412197856826346	-0.25163422034629657	0.030595375147600454	-0.9673387229911877	-1.753259472130355	14.581214893691612
1620.0	300.0	-0.011108156077854842	-0.05465752252860323	0.6320370950460521	-0.1665695037142673	0.018033486025602577	-0.9858648373619514	-1.0332986502631436	9.589996088951475	0.05141106114362227	-0.061705394261688744	0.6448026974864123	-0.2560262203252021	0.07664900727206715	-0.9636261560488653	-4.395976252399956	14.879182209545123
1620.0	300.0	-0.01163216708407182	-0.056877833350688044	0.6333315368174529	-0.21413658559779206	0.03846116437312208	-0.9760462362339796	-2.204206054413832	12.37417825837312	0.050714622903875184	-0.06334234707715934	0.64720141295593	-0.18020699097508597	0.08260453635316009	-0.9801540821310172	-4.7382903845365	10.417815590003645
1620.0	300.0	-0.005083367871487459	-0.04374230189268706	0.6981524673478439	-0.20042796123360007	0.0666253205321454	-0.9774403432411842	-3.8201794915867646	11.588090271200087	0.058644341801049105	-0.049228641581219305	0.7036264713972145	-0.21738281379166532	0.013688407574008729	-0.9759903613905467	-0.7843124766445515	12.556556022932854
1620.0	300.0	-0.006638927892059783	-0.0438967249286281	0.6974043416187299	-0.16304470784336883	0.026078376962821198	-0.9862739540809418	-1.494350349235607	9.386887828451487	0.05706581538669771	-0.050275512893571184	0.7021268802901965	-0.25869207524008603	-0.028716084008151413	-0.965532875540985	1.6455366259524387	14.998799712334165
1620.0	225.0	0.015326902329539543	-0.005162573188503482	0.7464288502360932	-0.11419038647561212	-0.02443619387918666	-0.9931583191225136	1.4002301528963346	6.558897071138386	0.07940526993047498	-0.007824997214578654	0.7435722915508278	-0.23265195012708836	-0.08897338665452102	-0.9684816777631168	5.104549538446108	13.507834790916196
1620.0	225.0	0.03513986433322419	-0.025171181398569845	0.6815729418094283	-0.23122919932555855	0.008098672942544058	-0.9728656293579592	-0.4640248518081006	13.36989680996799	0.09918193402724793	-0.029257389167261238	0.6833623101321871	-0.3323227048613341	0.00773678782152034	-0.9431339293226717	-0.44328971163382375	19.41042078175815
