1620.0	540.0	0.040874813133424656	-0.026887496040400218	0.6990924975827488	-0.25001123963993255	0.044047583944376245	-0.967240478501358	-2.5245574603516254	14.49255101068528	0.10395879472471034	-0.029820949138558952	0.6875559581046891	-0.22327915165289403	0.012073305541441717	-0.9746798368329627	-0.6917662588416237	12.902662491364902
1620.0	540.0	0.027155744984549583	-0.029427034662905586	0.690395675578793	-0.08698135921812342	0.10196195367164321	-0.9909783049054491	-5.8521597217434635	5.016179778868635	0.09066679961263449	-0.03686120577041905	0.6847066806244775	-0.19190566478469473	0.04949193449753	-0.9801646989816505	-2.836837887580062	11.077764085158812
1620.0	540.0	0.037214356634324444	-0.03215319411438383	0.7076772415096448	-0.21034505203396772	0.06590959207290818	-0.9754029661451368	-3.7790809318074543	12.169438662353045	0.09970897528239273	-0.03740828820286844	0.6939625687183862	-0.21357385604295454	0.017172439584366192	-0.9767760016556657	-0.9839566764392566	12.333719066232108
1620.0	540.0	0.04014963834932827	-0.05397499578111118	0.7357763142754579	-0.19221656471539011	0.13534966988725783	-0.9719738457035259	-7.778840083218571	11.186417422745269	0.10193786402126204	-0.05927408852514901	0.7191805193857315	-0.2270372950428336	0.06013801022814926	-0.9720274950188131	-3.4477344759320863	13.146928048781467
1620.0	540.0	0.030285068660126004	-0.06309822038143499	0.7227239532015073	-0.13386772701172336	0.13297271169877403	-0.9820374878313216	-7.641407924129348	7.7625039247817735	0.09339794834147039	-0.07006888445469381	0.713265629654307	-0.21077682106136109	0.03778439190598275	-0.9768036852897892	-2.1654016392339788	12.176708393449086
1620.0	540.0	0.04526493298528926	-0.07102541763701536	0.7627025727723904	-0.1867562459643983	0.152229618726131	-0.9705402088194585	-8.756158400814845	10.892011082320971	0.10793780116378293	-0.07376645817342597	0.7490686476340999	-0.2868041177389618	-0.0013046826047980187	-0.9579883808568925	0.07475282806640762	16.666733837624466
1620.0	540.0	0.04219755673937484	-0.0738740085643173	0.7274206691030571	-0.24146462095768223	0.11714624955575947	-0.9633128787721474	-6.727432973513243	14.071863130566806	0.10512622810872907	-0.07924032421787744	0.715911081811943	-0.24955465237576038	0.09723024373103986	-0.9634670541466248	-5.5796977540489845	14.521465175844618
1620.0	540.0	0.031246874829196542	-0.08267450752756905	0.7229471393881206	-0.040478888598639476	0.21485430044668413	-0.9758068348344584	-12.406979575700246	2.3754091846070935	0.09363232444665301	-0.08989863744338655	0.7096372465784548	-0.23620786367173335	0.11840663661839496	-0.9644613950528925	-6.800153966107783	13.761526947561343
1620.0	540.0	0.009453769634477714	-0.08158867400611228	0.7189521657400059	-0.09285119914955732	0.19290868524771243	-0.9768136223553924	-11.122580631291449	5.429946044032653	0.07274216426329227	-0.08718484125842196	0.709757186620442	-0.16701097998482417	0.06946471983842316	-0.9835050055592497	-3.983243084234599	9.637577524418626
1620.0	540.0	-0.013712730794614832	-0.0806057899539398	0.7126311096542557	-0.02770745589744146	0.17644071553677682	-0.9839212026981391	-10.162509756937682	1.6130365370146844	0.049560629674355365	-0.0861703292284178	0.7033142764345317	-0.13059770514910157	0.058304409481509195	-0.9897195667751226	-3.342492164441048	7.516994033103582
1620.0	540.0	-0.031249656121760144	-0.08263462646417954	0.7226167122783962	-0.11566428869375373	0.08630154154794864	-0.9895321130678634	-4.95087276207494	6.666927851348991	0.03211745229922585	-0.0898907674448384	0.7153198902270228	-0.06576829907743878	0.04685576179875241	-0.9967342416278231	-2.6856207054664556	3.7751200295311533
1620.0	540.0	-0.05262024096153767	-0.0793847583455153	0.7078585795648292	-0.048621789116433514	0.13656252393190804	-0.9894375259001361	-7.848982790374544	2.8132995332098	0.011070372363982917	-0.0844775924326791	0.7016252466844801	-0.08332062617987616	0.056377457196388286	-0.9949267399257504	-3.231903958132108	4.78709279918913
1620.0	540.0	-0.06372551632383165	-0.0795702140815934	0.702991303670295	0.09297887583705172	0.15931786499869144	-0.9828390943232261	-9.16730489572768	-5.404231068601753	0.00017591361469094027	-0.08509124128339517	0.7002689638556039	-0.08467668038330299	0.05451020477558864	-0.9949163253790106	-3.1247534413092724	4.864683134496082
1620.0	540.0	-0.06503461887834701	-0.07679216674338804	0.727990582164362	-0.05606459598922363	0.12933471447769782	-0.990014783641774	-7.431149713341018	3.2412015492534345	-0.0016652544448839384	-0.0807871837102099	0.7185222605416376	-0.08306134540145825	0.09061105929920765	-0.9924164592370561	-5.198761848816138	4.784280327080884
1620.0	540.0	-0.07819624229653756	-0.07078755005370284	0.6844605945887188	-0.02598632828599433	0.1257483676502585	-0.9917217718962912	-7.223975111352951	1.5009918630207826	-0.014283819597191381	-0.07329234519450666	0.6789638819693158	-0.07409833905882267	0.02094684520074673	-0.9970309263048209	-1.2002536076415415	4.250351054663441
1620.0	540.0	-0.0937729665987605	-0.05629188830268728	0.686409227270766	0.015655411500724276	0.06161875100482717	-0.9979769767514949	-3.5327323356308327	-0.8987335963683936	-0.02971445209710299	-0.059873436988303566	0.6841810323800314	-0.05080856746323637	0.00357568049173021	-0.9987020324976211	-0.20487183762949068	2.9123890165986994
1620.0	540.0	-0.10652827943550322	-0.04296711118824811	0.6916339849383224	0.06476626656494092	0.12419554797095328	-0.9901417863576691	-7.134302075864011	-3.7424487267645494	-0.042529543976667625	-0.045211594524075166	0.6961517031502933	-0.07671974238329335	0.0011935993950787649	-0.9970519886314889	-0.06838822400593822	4.400044159818381
1620.0	540.0	-0.11005176506096877	-0.02796957007487967	0.6845180061090617	0.1580938370448376	0.1452850726739956	-0.9766772735947424	-8.353787460152061	-9.194662840021072	-0.04634962566487006	-0.03418059296640556	0.6894925668553539	0.013485279010042484	0.1321124270674458	-0.9911429915620913	-7.591678496809699	-0.7795059923177042
1620.0	540.0	-0.10792341583773682	-0.004973891720519837	0.6792667741969037	0.06020471050133225	-0.03200022689185885	-0.9976730441795056	1.8337910066537009	-3.453333569218955	-0.043874768541158474	-0.00860656422656681	0.6816875372088314	-0.018838272110874008	-0.0784891280710466	-0.996736904345004	4.501726049388674	1.0827581383223381
1620.0	540.0	-0.09391079056230062	0.008073244489849234	0.689461412163346	0.05775389852230163	-0.05897010747810312	-0.9965876916278413	3.3806995921848717	-3.3166752318692097	-0.029882120534815215	0.004970630896435879	0.6929239007220214	0.0030469042312103595	-0.026530893505416254	-0.9996433440183401	1.5202866121496463	-0.1746364975689658
1620.0	540.0	-0.0904462967723198	0.021372875546106514	0.7518946214591828	0.08905105109276074	-0.04817647476592736	-0.9948612317536143	2.761377559521605	-5.114972394066192	-0.02662646407911565	0.01798462622276169	0.7579637519695512	-0.03459812455867418	-0.03835190436714923	-0.9986651788510207	2.1979412950398824	1.9841825316401644
1620.0	540.0	-0.0817864683033189	0.025601947553937084	0.779296912301674	0.07837224254825981	-0.05061473266408357	-0.9956384493023728	2.9012502250629324	-4.500789096298818	-0.01782139149373238	0.022417855100346055	0.7837259220790711	-0.08552483604546753	-0.05262480107280968	-0.9949452744829445	3.0165724272871812	4.913030159939795
1620.0	540.0	-0.0651906465855765	0.02640480254960562	0.7012269735678389	0.0558616792433133	-0.058184726558075044	-0.9967416868721547	3.335623176867262	-3.207745569508357	-0.0011492431316401045	0.024741066683662792	0.7053762205159149	-0.07128339566257816	-0.07142977855257598	-0.9948951397525172	4.096113098380678	4.09819091173478
1620.0	540.0	-0.0520968121858235	0.023991182147044272	0.7951514801646253	-0.05261035772825641	-0.08437271482872896	-0.9950444618707662	4.839954499033461	3.0265454593353347	0.0119812240047912	0.021922041427466822	0.7918334147260815	-0.11902747203431994	-0.061430442653396054	-0.9909887855827815	3.5219225834853964	6.848975513257483
1620.0	540.0	-0.030568267166538515	0.017671605611351105	0.7744110427728161	-0.06069486297079272	0.00203217059669622	-0.9981542631392847	-0.11643487858189207	3.4797054951386217	0.033581320443235814	0.016335212672178943	0.7723301566573311	-0.149186982785244	-0.08493282786050094	-0.9851546592663392	4.8721622214711	8.611163791208908
1620.0	540.0	0.0030505963667089558	0.008356112432596471	0.7710036487689904	-0.24506454488163606	-0.058712720872259684	-0.9677273468897125	3.3659268297945006	14.210676449645153	0.06695467638469965	0.005782658868084116	0.7654420377233365	-0.15498901980333993	-0.047786521524371794	-0.9867598032643432	2.7390091210134946	8.926440171654493
1620.0	540.0	0.016551859156778127	0.006529154686670272	0.774734142901331	-0.1379990382490705	0.006846078662942847	-0.9904087324969517	-0.3922544777242051	7.932262559170746	0.08051484811750409	0.0035355326083235643	0.770145036923073	-0.16054453492628673	-0.01156846649855003	-0.9869607575203478	0.662839090927578	9.239128448001132
1620.0	540.0	0.028850331308314565	-0.003793808077414737	0.7478132436788694	-0.21758556281027147	0.09557326681804565	-0.9713507576795041	-5.4843157175218575	12.62600499293755	0.09273203371251497	-0.0048467075749607375	0.7415438637887333	-0.18316556312884813	-0.04311873853150205	-0.9821360650518713	2.4712879198667816	10.56413679202684
1620.0	540.0	0.03489000392830374	-0.020190739762739378	0.7861939965897644	-0.2000968079810101	0.022299414394572836	-0.9795223027949322	-1.2777682433458046	11.545530947442623	0.09829894665045161	-0.023008482202610404	0.7765684091261589	-0.22586843550892216	-0.00945603368598965	-0.9741119180876696	0.5417988956454018	13.05454454076204
1620.0	540.0	0.03164055372011662	-0.031187509899050815	0.7570522621436755	-0.12693175510307214	0.15897689473689938	-0.9790886476766104	-9.147516532754235	7.386783062686221	0.0952651241887527	-0.036121045270993635	0.7500622775204484	-0.2582027569365185	0.050146417280351074	-0.9647883979366408	-2.8743836117325445	14.982737951020104
1620.0	540.0	0.03639206664104461	-0.045287943313244164	0.7625884196899091	-0.15406658722535338	0.12075675811561287	-0.9806535065387275	-6.935779239648242	8.928531354906378	0.09964595848366288	-0.04783269348114885	0.7519228190522094	-0.21724831468094724	0.03952976125645047	-0.975315561329768	-2.265478753530406	12.557440303665173
1620.0	540.0	0.038629890555056584	-0.05091977909281395	0.7668889520358114	-0.22212934687349295	0.04931136949223995	-0.9737694563646242	-2.826479627326311	12.850030186136944	0.1015251564393494	-0.05502942818893816	0.7546995329656326	-0.18746562825553292	0.043602984971883946	-0.9813029540398365	-2.499059317096388	10.81532739258043
1620.0	540.0	0.03463038989653017	-0.06184595708294984	0.7522629699519784	-0.11858999664392567	0.16335700660663108	-0.9794134968624981	-9.40180292511297	6.903917128864501	0.09723026250787781	-0.06385483466049308	0.7381737548021167	-0.1858650614096356	0.058108031138253	-0.9808555675735536	-3.331221405504542	10.729916225412913
1620.0	540.0	0.03194535658401275	-0.06742986930318542	0.7624727296818816	-0.21796228555502492	0.08564111671347246	-0.9721923556040609	-4.9128925883048105	12.63656622454845	0.09472936541484558	-0.07183441981266625	0.749821492842863	-0.1818310858739736	0.06655497826640269	-0.9810748321783898	-3.81614021110188	10.499978176012252
1620.0	540.0	0.024137283347664223	-0.0725937651592791	0.7550546913759146	-0.18127202814728002	0.10931028149132978	-0.9773390760304136	-6.275557857720062	10.507534347120423	0.08713996223228695	-0.07607239355692832	0.7432289896441026	-0.1676228936407725	0.050204457765536815	-0.9845720243983959	-2.8777132805611014	9.661938440822048
1620.0	540.0	0.007877054643900807	-0.08099578938161268	0.7394184698149686	-0.059142192719227826	0.21105886655203548	-0.9756824901182967	-12.184411739908526	3.4688097012927734	0.07154105310483477	-0.08639480586810967	0.7331709467407951	-0.2126891080471338	0.11265390486315185	-0.9706041361188521	-6.468324291675037	12.359898890176112
1620.0	540.0	1.2239981436247202e-05	-0.0820064012034066	0.7389424205059951	-0.06478219965704021	0.1242214921154042	-0.99013751351202	-7.135800166853947	3.7433828940842093	0.0633584155874314	-0.08707110208561535	0.7298376709385563	-0.14498859803889308	0.09244593878436727	-0.9851051361747147	-5.304335865930727	8.372728849925588
1620.0	540.0	-0.014455566021878717	-0.07954667449642738	0.7224968642326027	-0.030655162461922705	0.11410827012009991	-0.9929952487515905	-6.552194118924139	1.7682398494363594	0.048500979661496066	-0.08549575328302762	0.7114348824560147	-0.12051114724071917	0.07513705309139634	-0.9898644018015311	-4.309097088049762	6.941320844074713
1620.0	540.0	-0.02154078678925167	-0.07790356527109521	0.7029580558682855	-0.027837506311428034	0.21617331609232024	-0.9759580983087592	-12.484372279059608	1.6338194169100129	0.04210853188730387	-0.08235384208317886	0.6958696927339851	-0.1466244018026678	0.0671025729193417	-0.9869136882332847	-3.8475853709564207	8.450541283877218
1620.0	540.0	-0.030390675635523393	-0.079955455013676	0.7190401640169275	-0.0460193594528985	0.15174294350910755	-0.9873481170571273	-8.72794621239729	2.6685706645453573	0.032504876425478224	-0.08398146568517728	0.7068243385175028	-0.11100891552047068	0.05482898509952043	-0.9923057782941495	-3.1430455644211155	6.383120106538196
1620.0	540.0	-0.0389073006204836	-0.07864974385951007	0.697589886398965	0.0020648531534348605	0.19343800166334246	-0.9811103489990094	-11.153490425307048	-0.12058500499081413	0.02435697956545634	-0.08354893932682533	0.6878474862867994	-0.10144212701768049	0.10660195530311879	-0.9891135209044941	-6.119469916927329	5.855703260063797
1620.0	540.0	-0.055935979060166785	-0.0759544362354929	0.6748364141692926	0.10966411772345554	0.19273640281503746	-0.9751032910457261	-11.112520788420436	-6.416755725218955	0.00753800375825248	-0.08075215010424405	0.6665104865682256	-0.06560260143741503	0.0951339405206092	-0.9933004696723157	-5.459028954597277	3.7786162353402926
1620.0	540.0	-0.06421048446650568	-0.07793524358674313	0.6815172669748057	0.09514212717982681	0.2703794173037003	-0.9580411724110695	-15.686845631939677	-5.671392042393853	-0.0006224885775949277	-0.08274969725414619	0.6741231180492092	-0.1782022874355071	0.14729471290671953	-0.9729071229097194	-8.470183602112392	10.379512376260795
1620.0	540.0	-0.0769462272842848	-0.0751544014909	0.6702513177867744	0.20321824521676624	0.1597905369771794	-0.9660068486624891	-9.194738452100912	-11.880046678441694	-0.013304948253135	-0.0822551113439399	0.665706744486686	-0.12413659498655771	0.11752638701697923	-0.9852804722720245	-6.749364745327035	7.180923131501897
1620.0	540.0	-0.07726034960123954	-0.06974050437535913	0.6806122169218907	0.00646234077304246	0.06513429448936225	-0.9978555501822627	-3.734563990091158	-0.3710553853619059	-0.013954059972809992	-0.07279326887242323	0.6704004616357285	-0.1136294068069011	0.04864419675582318	-0.99233168720475	-2.788207513027055	6.5323441986454664
1620.0	540.0	-0.0866248831221974	-0.07049491887556728	0.6503041211374837	0.11704094126122286	0.15336328696157434	-0.9812140739329007	-8.82188458774617	-6.802202006092786	-0.02268901712950349	-0.0762521257032206	0.6497165558853577	-0.0661730860489886	0.10284669548319476	-0.9924936588122779	-5.90311959851699	3.814468076363782
1620.0	540.0	-0.09388505369502301	-0.06884592511633507	0.6658068885129057	0.02987295600430208	0.142104830071146	-0.989400694278967	-8.169662049707114	-1.7294049713008675	-0.030167828638387847	-0.0742315028091996	0.6601151042923097	-0.08778754831782769	0.08272330772091348	-0.9926985032856851	-4.745118853202402	5.053704911820736
1620.0	540.0	-0.10713440486754199	-0.07032792215396821	0.6618469842835043	0.06255511744323211	0.10391671949427743	-0.9926168680488935	-5.964757733555995	-3.6060344242486266	-0.043234299784836575	-0.0762158171364381	0.6600044624485695	-0.06670413995164598	0.030052270538517944	-0.9973201508303132	-1.7221275530874096	3.8264363210794565
1620.0	540.0	-0.114302045540347	-0.06815857528461366	0.6383904724964466	0.1377102489304527	0.13320609504905645	-0.9814743735472218	-7.654899828634858	-7.9870058377357305	-0.05051092604445842	-0.07439628817618252	0.6347752774863233	0.021268332434702303	0.08888753330833514	-0.9958145962371473	-5.099610936506513	-1.2235213805718177
1620.0	540.0	-0.11207804648546482	-0.07683840033890184	0.6659439350903014	0.04373007904911823	0.1656538297363266	-0.9852139149164764	-9.535218863750524	-2.541484072987921	-0.04816892091495914	-0.08088919324981661	0.6614162017474663	-0.04252112071224566	0.08966269511107965	-0.9950640628348266	-5.1442024912471425	2.4468771059568404
1620.0	540.0	-0.1096294864637192	-0.08430269072253285	0.6701020013796611	0.09532269302450144	0.06769721056766778	-0.9931418373127219	-3.881733249903755	-5.482508696194035	-0.0455886153017727	-0.0886798703974429	0.6710468519128805	-0.045035382874845514	0.05215154225234729	-0.9976231851598777	-2.989419407390178	2.5847301424908453
1620.0	540.0	-0.10691242416661997	-0.09322865266820202	0.6832721851382266	0.05616112774258056	0.11261886675174826	-0.9920498620241108	-6.466303898540651	-3.240124127965505	-0.04293875679911045	-0.09815150658063332	0.6853748064844771	0.006566037014179703	0.11055925218730374	-0.9938478713036188	-6.347555000978388	-0.37852949778748085
1620.0	540.0	-0.10139662644938743	-0.09484768234565844	0.6805581545676307	0.06338268668036445	0.15833077538237544	-0.9853496848159321	-9.110021720800127	-3.680484307645081	-0.037448340529843915	-0.09731058796959532	0.6754751980010751	-0.03039245897027685	0.09832516759846355	-0.9946900591547146	-5.642734327415128	1.750111012089915
1620.0	540.0	-0.10000731729526971	-0.0826108041799131	0.6774041526827598	0.08800949820426754	0.1730954691541614	-0.9809649669224506	-9.967845196320486	-5.12669504207045	-0.035982479979017545	-0.08509677821149204	0.6734134430517095	-0.03788474395717379	0.10547669490028017	-0.9936999152018651	-6.054631679358461	2.183340401789927
1620.0	540.0	-0.09659724334329312	-0.05323691316882789	0.6745130734506963	0.0221185733953793	0.08612593984727308	-0.9960386698884163	-4.940773924370009	-1.2721319858703815	-0.03268092367009147	-0.05776704627110276	0.670580186835706	-0.09635184277446551	0.06924852252540918	-0.9929355548150897	-3.9708259894005287	5.542478078493337
1620.0	540.0	-0.09483394635607695	-0.04457218617065009	0.6541481156934276	0.10016415928534841	0.06274995019560571	-0.9929902391506151	-3.5976709555353517	-5.760013141725197	-0.030999944147224134	-0.051293150367879944	0.6553032892203607	-0.02689106291216605	0.07786330800334204	-0.9966012981536417	-4.465759125429493	1.5456237659167138
1620.0	540.0	-0.08881437993900812	-0.032099458672503564	0.6204732067766778	0.08165945459811932	0.04434748916430835	-0.9956731147314304	-2.541757571524577	-4.6885809080096275	-0.02520314435134076	-0.04065194447464369	0.6217965802054848	-0.011626070647908625	0.18908863430550873	-0.9818912273679326	-10.899602724011027	0.6783782509733404
1620.0	540.0	-0.07185560553966383	-0.022102620597289003	0.6375851040216365	0.04240117591868074	0.020985260130976895	-0.9988802010157276	-1.2024551049293266	-2.4306726888892958	-0.0077208854193979454	-0.024207295465869458	0.6356894135378475	-0.11243161282295937	-0.007403020122143729	-0.9936319310797778	0.4241656830887471	6.455683837355609
1620.0	540.0	-0.06140292235906041	-0.018675769836897976	0.6653142434461172	-0.07185688020371596	-0.008940311222932679	-0.9973749231219371	0.5122489247001485	4.120812079732522	0.0022374222241853953	-0.023416142841257773	0.6583341984088074	-0.06144164683980405	0.03339547230428783	-0.997551811069404	-1.9137754557792817	3.5245342519563145
1620.0	540.0	-0.04811325973495276	-0.005592192024610023	0.6111400472730328	0.07567613175078017	0.14501555116449552	-0.986531080587414	-8.338179723180863	-4.386530026285713	0.015843285369512204	-0.007780327723868852	0.6060353412012038	-0.007777489625807037	0.18892702545953338	-0.981960347103868	-10.890173258549728	0.4537943046635463
1620.0	540.0	-0.0419643794988496	-0.0038840513822333295	0.6827025153480717	-0.08247764865300275	1.8950239876333423e-05	-0.9965929016756452	-0.0010857687657394055	4.730995422931488	0.021822290315806743	-0.00881422421745387	0.6773884045674743	-0.06194041570617213	-0.00934327072378161	-0.9980360916733533	0.535337768384279	3.5513529357087337
1620.0	540.0	-0.031655325663566686	-0.0027114717828092367	0.6916662951084647	-0.1191106275681539	-0.04415115510927224	-0.9918988191503357	2.530497429683724	6.847486558228396	0.03210958505647013	-0.007256625382897104	0.6857787350675868	-0.06572877516266215	-0.011137813185862188	-0.997775373253232	0.6381628831303124	3.768932452350759
1620.0	540.0	-0.022793209553725845	-0.0017830810702338662	0.6942668042727256	-0.05182445991180201	-0.017373698240593986	-0.9985050556070817	0.9954896686649106	2.9711024861378728	0.041079758552102275	-0.0054441998877060825	0.6889634300662592	-0.12040633903357785	-0.007907665832582312	-0.9926932494700748	0.4530806000344438	6.915771050733457
1620.0	540.0	0.00519663317567395	-0.006663481490486768	0.7110779910546192	-0.24206392321434259	0.001646061342116225	-0.9702589068575777	-0.09431241031312694	14.00840623110195	0.06905394659271108	-0.008981212609539197	0.7049008340033807	-0.1955711222478952	-0.033086279498089864	-0.9801311917401477	1.8960502173480265	11.284348616022022
1620.0	540.0	0.02171922365748945	-0.007084974417608978	0.7167551848513998	-0.27257619953603335	0.005711155537916816	-0.9621172535443784	-0.3272268873579676	15.817888052867987	0.08537006168982508	-0.008956338922596965	0.7086093616094895	-0.2252481239782257	-0.033639091485186165	-0.9737205191993381	1.9277416537629186	13.024970554961717
1620.0	540.0	0.04491604466102077	-0.00773168050917134	0.7141184820505363	-0.23088822214049481	0.013191756830057234	-0.9728908270221182	-0.7558539143976291	13.350554220702453	0.10821650111312844	-0.009034786748385851	0.7035052944661326	-0.26934311198708544	-0.0291073294577602	-0.9626042296436599	1.667962713906944	15.63197579284633
1620.0	540.0	0.050445014482052165	-0.011350092713575658	0.7139584797013523	-0.19523338263740483	0.09169726459459504	-0.9764607090030953	-5.261257011372816	11.306617232689517	0.11317892726971066	-0.013755331803018437	0.7005436880559083	-0.24010451014043804	-0.02326512859923206	-0.970468211226278	1.3331139586031053	13.89654565500728
1620.0	540.0	0.06205077925542024	-0.008880502669746625	0.7539705147731904	-0.2677862976757613	-0.03876430598220519	-0.9626982168279661	2.221587751672043	15.54455937922476	0.12460073566722751	-0.014432702207783484	0.7406302877590638	-0.2718847781128825	-0.027565129091056812	-0.9619349199227997	1.5795656369618525	15.782606873185049
1620.0	540.0	0.06065452762739396	-0.008929788583924434	0.749608564695893	-0.18355927263102523	0.07058507260922264	-0.9804712285654623	-4.047592535188991	10.603899594203888	0.1225595821870824	-0.016143501970341697	0.7342133647050444	-0.24358365459388154	0.017267852066634278	-0.9697261672297173	-0.9894242197029239	14.100293301434224
1620.0	540.0	0.05449124600112087	-0.009471920253634445	0.7015973794001782	-0.07261505498478399	0.08365215677483068	-0.9938457179685093	-4.798523090529163	4.178874165625565	0.11671307373247099	-0.02000036988161299	0.6898125787731455	-0.1944932261186628	0.15340286552510068	-0.968834348744274	-8.824179427687096	11.351230265651992
1620.0	540.0	0.07761781207868124	-0.005431145529348341	0.7744757470388006	-0.1974293575799836	0.012642970840236304	-0.9802356031915433	-0.7244081693291028	11.387597107456415	0.13865481064863044	-0.013000773395441007	0.7560781612417866	-0.2817878027198566	-0.000329488281478961	-0.9594767236570545	0.01887828826934208	16.36693580846405
1620.0	540.0	0.08359181464713751	-0.009027565947750865	0.7449872422852621	-0.18165335082479708	0.13134452294289653	-0.9745514861285922	-7.547294056960956	10.558585214087113	0.14615811031055562	-0.01613566690172372	0.7324884754899548	-0.2695577222666324	-0.016465980462123542	-0.962843520837047	0.943473823075842	15.640123989406677
1620.0	540.0	0.09495370244744236	-0.007008702080939133	0.7206243284149674	-0.35747064101286086	0.03424390807728367	-0.933296394417965	-1.9624150704841958	20.95781004655832	0.1575012826761953	-0.012667617351163563	0.7073178446904915	-0.32923263355018667	-0.09237951497873337	-0.9397191136635438	5.300513706377447	19.308020218822914
1620.0	540.0	0.10256983973772688	-0.024268485563829906	0.7634340880382363	-0.26966415387333026	0.14094651792898122	-0.9525835274906658	-8.102620851133002	15.806135916663107	0.16427461876699415	-0.032100205575458354	0.7475447825082153	-0.2543181000318128	0.05236965086259371	-0.9657016243611102	-3.0019332106034384	14.753888321294395
1620.0	540.0	0.11273033345902181	-0.033622851382887314	0.7987302281632431	-0.24856196316502976	0.0971189145923759	-0.9637348876042385	-5.573288732618286	14.462277646770975	0.17331741962734037	-0.04154382324328256	0.779038889507957	-0.28741394140034654	0.05518393592995783	-0.9562154304615232	-3.1634135862624917	16.72943617119461
1620.0	540.0	0.10421901323208727	-0.042083963860275825	0.7666488798999387	-0.12652820103430465	0.09795159601859005	-0.987115039178773	-5.621226429012052	7.304331381643709	0.1654672154851081	-0.048146675508487835	0.7483954727697262	-0.24401280693613447	0.008696628383291084	-0.9697330188476806	-0.49828638350244275	14.124046344468606
1620.0	540.0	0.09850098465831944	-0.04730406366705598	0.7519550168160467	-0.06692104086784251	0.10147964666766746	-0.9925842671039296	-5.82438147959974	3.8571025255057374	0.16092600684837233	-0.05422325008534637	0.7386686671481375	-0.25670523502215115	0.04586562019098971	-0.9654008590068345	-2.6288287031410142	14.890684168418952
1620.0	540.0	0.11450899226149885	-0.05367959997436398	0.8107699909153774	-0.23782493953884692	0.1186221535250643	-0.9640373373388594	-6.812589819033232	13.857979726621746	0.17470914765571022	-0.06008004835515367	0.7894097199747911	-0.33174698389571367	0.06628991416270064	-0.9410364994024758	-3.800919543150704	19.419266437018894
1620.0	540.0	0.1039072317756191	-0.06309071548235037	0.7832108848046424	-0.15128770332622757	0.19998387501209663	-0.9680488138075665	-11.536016089287678	8.8823968325068	0.1653362833387933	-0.06771494425762384	0.7651450674718888	-0.29579253819180984	0.08754974853569879	-0.951231778982918	-5.02266149376189	17.273466987350766
1620.0	540.0	0.09594086507080941	-0.06454252001120059	0.765505975854235	-0.10305978854804013	0.29697742717152553	-0.9493066348064342	-17.276150513406797	6.195948800728693	0.15757799887029272	-0.06602622778229872	0.7476188863242925	-0.2601951321319537	0.04781131200541355	-0.9643716203772045	-2.740431136343377	15.099318755983596
1620.0	540.0	0.08045790265266105	-0.06133745781282826	0.7506615501356733	-0.08555404338297617	0.1426119142305223	-0.986074227176958	-8.199014784505957	4.958694554907665	0.14217351021997932	-0.07050262622841091	0.7355463559877844	-0.23761944652728023	0.09733135822711	-0.9664696999433561	-5.585518797279062	13.812954830913133
1620.0	540.0	0.08223150968872542	-0.06675378054419148	0.781875780609959	-0.12959320572697444	0.22270267508778235	-0.9662344585771795	-12.867823873926561	7.639031369139266	0.14398329057812648	-0.07127915005451949	0.764919241711941	-0.2471864407990938	0.09166299509289604	-0.9646225383222147	-5.259285209331942	14.372885440822161
1620.0	540.0	0.06611457589703071	-0.06415545758985888	0.7487818602051353	-0.034050431044541245	0.1476010748917366	-0.9884606772401253	-8.487930831253511	1.9729412407801634	0.128164864850475	-0.07073471130653472	0.7336901179285367	-0.1916486710429277	0.06855504573907417	-0.9790663768674788	-3.930998042357492	11.075399516631993
1620.0	540.0	0.06521833260487382	-0.06585641490568225	0.7962220177822201	-0.1942594794067938	0.07781963741006244	-0.9778585618438473	-4.463249369516712	11.235982837582876	0.1255608178419125	-0.07328030437205679	0.7756075577061856	-0.2805494314838271	0.04722648556346081	-0.9586770254304953	-2.7068851534034355	16.31170732397108
1620.0	540.0	0.04950695462182467	-0.06749504406811671	0.7661293757823378	-0.14418629199985106	0.161935198700927	-0.976210662301238	-9.319239955599281	8.401840534602991	0.11142172623456074	-0.07358440432037755	0.7502937712318788	-0.1831082380669303	0.06050473333885629	-0.9812291326834172	-3.468784494459317	10.570446303084307
1620.0	540.0	0.044229949049550105	-0.06897921082204679	0.7748342382990596	-0.11281261707502296	0.09859330083478073	-0.9887126297706332	-5.658172241763614	6.509327021792845	0.10602279587819058	-0.07545804947487386	0.7586801566433167	-0.2199652910177503	0.06370594626743832	-0.9734252983584151	-3.6525553152859134	12.733292465193362
1620.0	540.0	0.012060780366184496	-0.06710841696202316	0.7292267673936724	-0.08419797529494628	0.16582299866803543	-0.9825544786343268	-9.545047461528306	4.897877964921933	0.07497967022860892	-0.07657768117975236	0.7206926032710099	-0.2129803231898695	0.04934003607915786	-0.9758099138132447	-2.828124103513925	12.31229456799607
1620.0	540.0	0.006431969354744448	-0.06249617021570609	0.7196697705447304	-0.07238751676532913	0.11785209708805357	-0.9903892250028806	-6.768157156194802	4.180313321702128	0.06887052391468784	-0.07093813955752235	0.7073634436469753	-0.21979467107787043	0.04392233241429033	-0.9745569064367529	-2.5173741242153125	12.709443287558722
1620.0	540.0	0.0049075044678641485	-0.046768342283638686	0.6959826090964057	-0.13003041127960355	0.08932130065108534	-0.9874784478807803	-5.124563227707313	7.501506103002372	0.06721241710959142	-0.05559241189525792	0.6832735855377828	-0.21472044578274646	0.020136563218217912	-0.976467958135736	-1.1538180705142	12.401681429396302
1620.0	540.0	0.0015598204076364888	-0.04169395917030372	0.6919732980598094	-0.033617897517169114	0.14279294091185984	-0.9891814778288378	-8.209494098438812	1.9464806158056986	0.06411457712360787	-0.05130226904257951	0.6812090787559509	-0.14826508743185537	0.08651540557610862	-0.9851561282753103	-4.963172271008259	8.558729303510784
1620.0	540.0	0.006755132723404398	-0.029177010762860695	0.6726949745748301	-0.153442973808119	0.073603619712347	-0.9854124902364465	-4.220993833417341	8.8507037976025	0.06905449277828635	-0.03728494248609725	0.6594913082831855	-0.18436459995248083	0.0072345533694354175	-0.982831279776232	-0.4145129906339124	10.624370887964558
1620.0	540.0	0.0029830165698930527	-0.029107302810097407	0.6545693513195578	-0.03850780086038779	0.09207706439148994	-0.9950069528302399	-5.283110389270724	2.2163000196294047	0.06561728981408284	-0.0392713961314334	0.6448264233333237	-0.12445223839321339	0.17065495071599301	-0.9774398126283625	-9.82590144771861	7.2561253763263505
1620.0	540.0	0.00354556735777381	-0.027801376266278967	0.6488525687991316	-0.08326151894850406	0.12057485752201433	-0.9892063350321	-6.925280390195564	4.811246498963986	0.0661879397399896	-0.03748062896610331	0.6386775566065908	-0.14691877862176717	0.16610700472734327	-0.9751017344275708	-9.561548654572457	8.568316867491907
1620.0	540.0	0.007645406910390165	-0.02552696866777798	0.6869021170340329	-0.03598468512895053	0.10340426317974191	-0.9939882990527075	-5.935237113959289	2.0733348371811346	0.07056651417338397	-0.03531270639593148	0.6787498644905808	-0.17576889801601395	0.04130968279536282	-0.9835643334785253	-2.36754416809225	10.13214642347865
1620.0	540.0	0.0227462023012456	-0.01663510990821146	0.6885531982432821	-0.22768477282595256	0.03215096908872156	-0.9732039392333881	-1.8424323447750228	13.167732954830978	0.085494593504244	-0.025142368858395478	0.6779914005644972	-0.22716628420459328	0.010492590176604866	-0.9737994044015437	-0.6011921649439952	13.131032716173364
1620.0	540.0	0.036698293479150774	-0.01780025497876552	0.7087343995541744	-0.17047491088995742	0.018622387063524343	-0.985185998187088	-1.0670458633193791	9.817152080225918	0.09882349369756126	-0.02454612263331276	0.6940293531065311	-0.2393236769619686	0.048669347354370944	-0.9697193123883885	-2.7896502450087284	13.86338273210932
1620.0	540.0	0.03897303300061105	-0.012847975874001941	0.7069146443414203	-0.21257995407710373	0.015446657148907507	-0.9770216074355978	-0.8850634605057494	12.275074101914408	0.10123301457993561	-0.021293243486397943	0.6937367168748274	-0.2180137020854064	-0.020926798171352956	-0.9757213534342568	1.1991047456357653	12.595197989634935
1620.0	540.0	0.039728208939556295	-0.00227317720053414	0.7080853793700591	-0.1659566270993093	0.08010745098409149	-0.9828739476446905	-4.594742046239987	9.583900871480203	0.10192942528477508	-0.009193878800005441	0.6937885895847974	-0.11126600644991823	0.09910495893731386	-0.9888367802232771	-5.687632374940096	6.420038018506129
1620.0	540.0	0.026393288964306868	-0.0060842589108970405	0.6956510509010969	-0.06480362145749444	0.07663401440252399	-0.9949510902981651	-4.395114690151204	3.726551914085488	0.0895402582380375	-0.014614192765158778	0.6878416896210664	-0.1681209664837522	0.12101348868127053	-0.9783103131508406	-6.950597487143107	9.750939163407756
1620.0	540.0	0.023447489628983947	0.0017597728732697878	0.7104643659789659	-0.19816084356724983	-0.01710368538288201	-0.9800203163593006	0.9800167722262434	11.431124964380285	0.08615578933966755	-0.007068745972048979	0.6999281415123684	-0.2297928306061218	-0.016519759640427907	-0.9730993048073264	0.9465555621865086	13.286722098194408
1620.0	540.0	0.008260078725178898	-0.005304256846923535	0.7058996853174297	-0.0586014987493313	0.12926395305899613	-0.9898771531831756	-7.427061060946162	3.3880004710828944	0.07159843015881284	-0.012883322442573562	0.6986818860694654	-0.15842013432206173	0.030022549805466543	-0.9869152313562737	-1.720423911794253	9.119353061024558
1620.0	540.0	-0.026349140441557083	-0.003369220819958739	0.7139753324929159	0.009177673236030148	0.12824041938355923	-0.9917006534094718	-7.367924694581692	-0.5302274725333314	0.03681378483454377	-0.013818832635007234	0.7092281115060541	-0.16326796817560651	0.04039520928526556	-0.9857544037168969	-2.3151049168574804	9.404377863434082
1620.0	540.0	-0.02930860761960878	-0.0015084846183021985	0.737830157968782	-0.11073084997055373	0.03338673170393711	-0.9932894815659734	-1.9132743768479568	6.361008447775157	0.03350776460241345	-0.011403501730966343	0.729028019545533	-0.10366848616140051	-0.023316691877288014	-0.9943385824451857	1.3360691184602422	5.952081700463681
1620.0	540.0	-0.04177029699460816	-0.006824982532022267	0.7110867662242497	0.10644500966447756	0.04220029061442271	-0.9934226216980154	-2.418616780458092	-6.11589538991279	0.02068615640615679	-0.020733083340036117	0.705886594676137	-0.07010835876796474	0.032818851110145306	-0.9969993099245338	-1.8807193734264187	4.022381599558184
1620.0	540.0	-0.04442990738940377	-0.02673543154478656	0.6954232608260982	0.1262147972034117	0.183737043681274	-0.974838703044958	-10.58750819949209	-7.37718850021594	0.018568680613682605	-0.038343352023275504	0.6912137815946424	-0.0933218042806909	0.10949271446331596	-0.9895970538939654	-6.286073616422803	5.387222374200919
1620.0	540.0	-0.0429518663721605	-0.04113734574332848	0.7064122258832711	0.06384669908088116	0.23238742869861456	-0.9705255156507268	-13.437670514314076	-3.7638195020615197	0.020786747705425955	-0.04797062422862824	0.7029508671575051	-0.12539260745580064	0.06810450076690316	-0.9897668804642386	-3.905123241900421	7.220281994713897
1620.0	540.0	-0.04225848748918592	-0.04483998936194291	0.7009757449133711	0.022239931984824046	0.12180875101946045	-0.9923044461408613	-6.996502253365574	-1.2839214307486766	0.021278996603777765	-0.05257194224254606	0.6960269426940335	-0.038671210694691024	0.01348679475015082	-0.9991609765829985	-0.7727598462328777	2.216451456353154
1620.0	540.0	-0.041541120299514914	-0.04691383513073123	0.6935423131343649	-0.03681298181207847	0.06389038476698511	-0.9972776993963607	-3.6631444348263544	2.1140262719440455	0.021892526439674657	-0.055596674862098794	0.6888448266591649	-0.08631834958287471	0.054447713080646665	-0.9947787035571604	-3.1211676056767463	4.959213967852852
1620.0	540.0	-0.039101302004508204	-0.05861708700637195	0.693719778972143	0.08389649492111388	0.18880642915443346	-0.9784240095776292	-10.883136965157185	-4.900928251571816	0.02461220529669515	-0.0654696780923647	0.6898575766981445	-0.1782509894146731	0.0863021139608923	-0.9801930538239134	-4.950905681742807	10.306774271973563
1620.0	540.0	-0.03338821887999528	-0.06059117299875502	0.706841169219664	0.04202937505716566	0.10815556699385177	-0.9932451742870659	-6.2090029827027715	-2.423037243396753	0.02980751544910016	-0.06764572164134926	0.6980197107419939	-0.12148941533127258	0.08657469310205956	-0.9888099642961741	-4.966581989497911	7.004499173165503
1620.0	540.0	-0.028321134732664316	-0.06626006172630891	0.6993445037654119	0.17254306404007883	0.3116228609292396	-0.9344089550167917	-18.15705887123936	-10.462090923582569	0.03497742855728546	-0.07160908377235523	0.6900727470711963	-0.09249775065375657	0.31390676492712066	-0.9449374595000035	-18.294828807737957	5.5907404131558085
1620.0	540.0	-0.027864475592603157	-0.06833859539089096	0.7189863215311081	-0.01715092857965942	0.12537999340524933	-0.9919605747713538	-7.202700443315952	0.9905413017191311	0.03500997753879856	-0.07413329305838912	0.7073884662989084	-0.1564017755625723	0.08968476859323768	-0.9836132796961069	-5.14547232452429	9.034815303700507
1620.0	540.0	-0.03005670258933415	-0.06380453218088869	0.7051345773702813	-0.08776021360620243	0.08315401012933102	-0.9926649247632401	-4.769881599851466	5.052309479839142	0.03287556535332337	-0.07091924011444742	0.6946371392908586	-0.1425011198600768	0.058995122278760255	-0.9880349101052402	-3.3821353343005214	8.20699399465517
1620.0	540.0	-0.047933987917496014	-0.07356642292699456	0.7052717061199016	0.09326053330405804	0.24789963501993367	-0.964286412264116	-14.353258142433408	-5.5241549202938325	0.015720716400288832	-0.07795285126804757	0.6981919117555297	-0.13343818925723555	0.08831734893211199	-0.9871140938036569	-5.066812784905205	7.698582219288549
1620.0	540.0	-0.07105872655550602	-0.06933327071382199	0.661507061357823	0.02364958564381464	0.12323774005242538	-0.9920952609472716	-7.078998860133921	-1.365559257525995	-0.007212753001152147	-0.07599882773903427	0.6622470843696197	-0.07945827775190765	0.1042083480676366	-0.9913763231314693	-5.981558032978411	4.582430174264035
1620.0	540.0	-0.07736891824985212	-0.06645332282479477	0.668322868357738	0.0646644668380349	0.06996318411103711	-0.9954514716255897	-4.011872638649165	-3.716708295885887	-0.013611860085551293	-0.07228834542608299	0.663603157657492	-0.10353159121138245	0.06406206650908852	-0.99256094915476	-3.6730012665599614	5.954847762173263
1620.0	540.0	-0.07984172403724628	-0.06761834532679944	0.6769909295487899	-0.02797183967381381	0.12121979819001663	-0.9922314842298069	-6.962505817057839	1.6147885114715765	-0.016382134007799296	-0.0731342948252505	0.6690071736630774	-0.08553589570116718	0.07860243262172883	-0.9932296747851025	-4.508238040692855	4.922108057994823
1620.0	540.0	-0.08166174748425392	-0.0772047425217427	0.7075403134295548	0.009069986609304054	0.14442792769596158	-0.9894737537205571	-8.304153159704649	-0.5251856319732474	-0.018710784822758276	-0.08275952333359607	0.6962440160830413	-0.08664908355127779	0.06311085094296445	-0.9942378170372981	-3.6183901123635756	4.980814776596439
1620.0	540.0	-0.08048487489462289	-0.0796767681981156	0.7006478999875883	-0.017942748979312417	0.15734420605756855	-0.9873808238655994	-9.05277791445357	1.0410680715915293	-0.016810645776108246	-0.08489352494525934	0.6943499940799368	-0.11150603129329204	0.06818601156929441	-0.9914217832234745	-3.9098043485163045	6.41713632116601
1620.0	540.0	-0.07757548210791528	-0.06536879270287821	0.6968550920308565	-0.033297774039848294	0.08279487118686002	-0.9960101484419087	-4.749233251873851	1.9147512147874113	-0.013804665458007617	-0.07241662745820211	0.6946422674370152	-0.06907407647704264	0.08975769995359675	-0.9935654610904234	-5.149667904790654	3.9768848239896917
1620.0	540.0	-0.07462099528160486	-0.05301476388266571	0.6857614862585601	-0.062003969292712194	0.06938703128481769	-0.9956610541298707	-3.9787810917111397	3.5634456380677335	-0.01078836218088022	-0.058743264003163	0.6820379313153189	-0.0965771245031054	0.053429921303100314	-0.9938903804415555	-3.0627674133290155	5.550052394338861
1620.0	450.0	-0.019140173885071242	-0.04077711258998254	0.6887467622103336	-0.03277671309404183	0.007069327680823849	-0.9994376602014509	-0.4050460138763307	1.8783507669422368	0.04452875394920407	-0.04833009544926656	0.685505512146114	-0.17055736735923815	-0.01330328349886592	-0.9852579800205287	0.762244482613545	9.821104453524812
1620.0	450.0	-0.026730791978680384	-0.03935503096139119	0.6813143508258954	-0.014829365710585019	-0.033243139787010295	-0.9993373044841422	1.9050425965960385	0.8501611086942261	0.03694665959642566	-0.047020929834352715	0.6785391429080717	-0.1482373788871825	-0.04103226014827839	-0.9881002263412019	2.351635532545703	8.532032783183181
1620.0	450.0	-0.02839941420441637	-0.04227757301858126	0.6734081036773316	-0.012087811725097687	-0.00011774391199417117	-0.9999269736041173	0.0067462292362136704	0.6925974391399395	0.03520245230222441	-0.05013230543766971	0.669614506556713	-0.18765912767856796	-0.0024895454994077887	-0.9822310835528903	0.14264059736597093	10.81623864456792
1620.0	450.0	-0.030627873669261917	-0.043638803551765415	0.6810359823762456	0.015145969712221666	-0.005687493242458111	-0.9998691419352969	0.3258711156750915	-0.8678473398336781	0.03298384262408689	-0.05201671332444164	0.6788805701945506	-0.1578844463483263	-0.008457351364278595	-0.987421362500589	0.4845763158476801	9.08445096959176
1620.0	450.0	-0.04960073280061491	-0.03423271150050067	0.6586137591701267	0.028939646220578208	-0.017092053666068224	-0.9994349743856621	0.9793502265091617	-1.6585935528918652	0.01417996926790726	-0.04108681929628037	0.6560980339093234	-0.13246130591716251	-0.04413898330180282	-0.9902049140783662	2.5297993559564125	7.6193147454749885
1620.0	450.0	-0.06585287863973656	-0.02931506884554246	0.6719341925453237	0.036681147798094796	-0.028126390907772032	-0.9989311328093865	1.6117360453512926	-2.1029789010520843	-0.002057256122669852	-0.03638880316112822	0.6707652382647653	-0.12027082347529239	-0.04744642968592382	-0.9916066785178143	2.7195011659050983	6.9155590774739055
1620.0	450.0	-0.07608780304810403	-0.023354986289708442	0.6899675033732949	0.05040424891472128	-0.0007193105936044164	-0.9987286759351083	0.04121346472661107	-2.889175622775789	-0.012285996268318479	-0.029055475740066013	0.6942242034189725	-0.150240785934965	-0.0536891516733462	-0.987190506372944	3.077641569009307	8.653457548422487
1620.0	450.0	-0.09060577220193877	-0.018819135696138356	0.6953623915776108	0.07834384477024728	-0.05418964237339631	-0.9954525178321417	3.1063593811837618	-4.500001862192842	-0.026773139297282797	-0.024522829439987917	0.6991238378092355	-0.10794703172879294	-0.061408214052230556	-0.9922582101302234	3.520646569404441	6.208748288152048
1620.0	450.0	-0.09704558787595685	-0.01146025520476916	0.6835514101326439	0.12133400502282596	0.15883828620105617	-0.9798206198094103	-9.13947263858209	-7.0591644112386485	-0.033415405446350355	-0.017998216455224224	0.6890049017004508	0.06292756873845318	0.14879729642591397	-0.9868634588656038	-8.55723456520415	-3.6485385299227935
1620.0	450.0	-0.09953721582855568	-0.00256956868510759	0.6666323889126848	0.07504861416005404	-0.06193968739847204	-0.9952543681616545	3.5511558283837528	-4.312311115756801	-0.03568129126721081	-0.00867751193412516	0.6691621223571835	-0.04360443770715563	-0.045692757128869874	-0.9980033956983306	2.61891398447932	2.50175733438935
1620.0	450.0	-0.10445176359896827	-0.0051098044155802845	0.6920472787941445	0.0954157048383451	-0.046036084885924915	-0.9943724679078076	2.638605938405775	-5.481075330484382	-0.040714366396363326	-0.011039405617078609	0.696912425353721	-0.04993166175662251	-0.09795499705356969	-0.9939374274184677	5.621422235593732	2.875905867177787
1620.0	450.0	-0.09787254836927589	-0.016861093271496458	0.6866844996132521	0.06760233156962303	-0.004753137373523942	-0.9977010268275249	0.272335736404502	-3.876328443817496	-0.03414040535512916	-0.023288694031181507	0.6909489478678383	-0.0912058382076542	-0.05720610094019843	-0.9941875887636764	3.279458499662713	5.241589500809827
1620.0	450.0	-0.09072520381168446	-0.035270397973664415	0.7149090445524442	0.009378907220044114	0.06445328509780295	-0.9978766491459329	-3.695462861184644	-0.5384994005875989	-0.026918509306707923	-0.040869242585720805	0.7192269490182983	-0.07575651402694064	-0.01841662554526171	-0.9969562371186708	1.0552545745008697	4.345429523847454
1620.0	450.0	-0.07852598377073666	-0.045955816730926066	0.7233122024636426	0.003288899813145063	0.0638891692705202	-0.9979515571934603	-3.6630746494346385	-0.18882619596621744	-0.014712084984673612	-0.051866859189741585	0.7270713941839169	-0.0807006624722374	-0.022393161322817545	-0.9964868310623619	1.283140888278821	4.630004378570605
1620.0	450.0	-0.06533420050687859	-0.05839460503440508	0.7337667564692875	-0.06319951707613257	0.0671746265667652	-0.9957375921065053	-3.851723076930203	3.6316946545227315	-0.0014895401479688031	-0.06501839275761619	0.7348938782332914	-0.05840557628547465	0.036207806960371014	-0.9976361198975299	-2.0750080838740685	3.350497901232578
1620.0	450.0	-0.034646926630867395	-0.0685238254815512	0.7528135814171761	-0.029165146288898505	0.08278382648469022	-0.9961406544287152	-4.748598257160728	1.6770348164801423	0.028985175274733394	-0.07685344127458385	0.7511228030658548	-0.044289301528167103	0.025652768122871233	-0.9986893007691102	-1.4699565973835953	2.539256662502735
1620.0	450.0	-0.008825000608665775	-0.07206440493948321	0.7624746779776166	-0.08622888648926089	0.08319757843172694	-0.9927953804000857	-4.772386559660464	4.96394715613864	0.054833159373393815	-0.07906319027403101	0.7580091102469662	-0.15785184470163294	0.0464201604708675	-0.9863710604395449	-2.660635400075736	9.092116216905461
1620.0	450.0	0.02085692863754779	-0.06688548024938085	0.7402860702128633	-0.15151402943548772	0.08535509406183045	-0.9847629470886345	-4.896444469932212	8.74684644159917	0.08428292905841107	-0.07243588161290285	0.7320628628742354	-0.19750671542967307	0.060360657756179575	-0.9784414197580528	-3.4605144562730037	11.412284337015798
1620.0	450.0	0.03784081165143559	-0.0640936225765292	0.7315716328250264	-0.17261989650400045	0.052953072479617	-0.9835641211501539	-3.035407255067956	9.95428803649467	0.10159234124187895	-0.06816869834432968	0.725213814332563	-0.24408517983052247	0.018310821643499106	-0.9695809138209777	-1.049191435059647	14.130195328088135
1620.0	450.0	0.04283568937944901	-0.0555011974408878	0.689470677363807	-0.1744000694177099	0.06312392638826436	-0.9826494782934424	-3.619140776937238	10.064026779618514	0.10670643906669602	-0.05910270380366121	0.6841001922902277	-0.30172153524946105	0.04094519777610136	-0.9525164659663179	-2.3466430304097154	17.57625114643228
1620.0	450.0	0.05360479718890983	-0.05583453361804289	0.7192525677172164	-0.17167931401293618	0.02523291349219002	-0.9848296316793425	-1.445892908926743	9.888653016051189	0.11735976247371091	-0.05964471405306682	0.7127662320641708	-0.29098588558592575	0.06823319369772811	-0.9542910642956428	-3.9125139960782995	16.957701987918448
1620.0	450.0	0.06145688925385031	-0.046897722462658595	0.6930323332949031	-0.2198294102195812	-0.005818505795121123	-0.9755209883025273	0.33337770623514146	12.69923204592429	0.12530761723791023	-0.05018278313615811	0.6872376343471909	-0.32524047129388206	0.018428991772394723	-0.9454517404171048	-1.0559632273926547	18.983491937262727
1620.0	450.0	0.07506760108282684	-0.04097649171436087	0.6808609263602449	-0.21225412846881336	0.029611588807626772	-0.9767657075082532	-1.696867106900275	12.259943044399304	0.13876425894636416	-0.04282064722914102	0.6730750101604407	-0.3672549588595214	0.011118190180046963	-0.9300538438670384	-0.6370384980959052	21.54782150134561
1620.0	450.0	0.08935506518436545	-0.03227889784208636	0.6747088376477947	-0.22359451453076534	-0.021049545087489005	-0.9744549181834605	1.2061391753986226	12.9231573516918	0.1529323698614578	-0.03283922027239915	0.6658263834605861	-0.4242204813215944	-0.04319503766962441	-0.9045281528445441	2.4756636152654234	25.126410015342586
1620.0	450.0	0.08551945879045894	-0.02246191969566973	0.6870487712461548	-0.2921658627525389	-0.0019080551046501693	-0.9563657548585182	0.10932357091016792	16.98769960455862	0.14919615919523405	-0.025261192154870896	0.6793853827738616	-0.3467926216504999	-0.031932566319702135	-0.9373981056555304	1.8299123592234983	20.302071719209803
1620.0	450.0	0.08068471924892723	-0.013007867981195326	0.7058115193247634	-0.22971529631847415	0.04310395240527512	-0.9723028772083125	-2.4704399488577176	13.292891682369318	0.14459091736983246	-0.016655529076551198	0.7009147822598765	-0.3083550347034696	-0.07229673906705517	-0.9485200631989754	4.1459150416963215	18.008860835405088
1620.0	450.0	0.07067395819947483	-0.003181172129693632	0.7264820588978125	-0.2077141553683068	-0.06585037695689011	-0.975970566887499	3.775680768905644	12.014895541468624	0.1343583805071869	-0.006820795944025213	0.7192478956814663	-0.28876901135214306	-0.08283734210348405	-0.9538083807537701	4.751675044080672	16.84388209203676
1620.0	450.0	0.05443981620586512	0.004972728398126053	0.7280843276009774	-0.2419217687223298	-0.040527546176559265	-0.9694490045405298	2.3226934764555347	14.011739088772242	0.11820205549401613	0.0001862101276903904	0.7223614168533806	-0.3060676633848246	-0.10169685405273765	-0.9465623950116769	5.836891265052245	17.91843362419318
1620.0	450.0	0.046896936322569194	0.006891306392299696	0.7304240321448061	-0.1621907306585821	-0.05077343405383566	-0.9854523098618053	2.910354851378613	9.346239521638205	0.11071783274175204	0.0023031978745614284	0.7252155713261965	-0.2880857902710511	-0.0889367885186285	-0.9534656772248432	5.10244427368994	16.81197908558891
1620.0	450.0	0.02369365221257602	0.0032306349171075744	0.7364747850032214	-0.06272564612808473	-0.060135265297438484	-0.9962174648405058	3.447576917831504	3.602804502145107	0.08729656638228409	-0.001764230325827669	0.729332918724491	-0.19013217862280768	-0.0674182091459817	-0.9794409650289122	3.865711041061533	10.985802371630523
1620.0	450.0	-0.004055205889858481	-0.0030168216116746027	0.708536874605542	0.03399279511198382	0.008675006152957842	-0.9993843992976144	-0.49704747422600515	-1.948092363281163	0.059953489451103216	-0.0072911333642533185	0.7061073060415134	-0.15778745551192655	-0.04081693428809384	-0.986629190490656	2.33928792515374	9.086131242932652
1620.0	450.0	-0.02494851341979045	-0.0037297731443915808	0.6909038863375229	-0.014687162590891895	-0.05965236713038185	-0.9981111521311039	3.419859130403044	0.8430440818375922	0.03900996374570093	-0.008497652124708302	0.6880992201688014	-0.12726719656175137	-0.09284916157374755	-0.9875130699768679	5.327538625981112	7.343599253077109
1620.0	450.0	-0.03641933592067369	-0.004030631050626152	0.7118031256573396	0.013715421251283645	-0.05708540037217624	-0.9982750993510838	3.2725315468207694	-0.7871440571569488	0.02734352049356739	-0.010362648142647752	0.7078674776724685	-0.13404797901356272	-0.06768657353905949	-0.9886605557871996	3.881122391916653	7.7213882119472705
1620.0	450.0	-0.06615327968042013	-0.007103635384255275	0.6973609768429871	0.08872306963170781	-0.031015350419390242	-0.9955733474266804	1.7773337084611145	-5.092606897996778	-0.0023625312894950175	-0.01431572771491777	0.6974694552154121	-0.050588931443779316	-0.057221427024572336	-0.9970789600217959	3.280338060377354	2.904533164824044
1620.0	450.0	-0.09082536908801014	-0.004447100233118773	0.7211163660197952	0.07450588385367841	-0.02797691938078175	-0.9968280693832906	1.6031685861790699	-4.274508309681195	-0.02699971927525477	-0.010718324970709174	0.7239875660977684	-0.06970808608320458	-0.08069473594959312	-0.994298356604665	4.6285002858367275	4.010320165965972
1620.0	450.0	-0.11400418382952637	-0.0018849673723265042	0.7241072093177598	0.09685139817262817	-0.008527966605524549	-0.9952623366999329	0.4886224170568873	-5.558091214206046	-0.050399493828718576	-0.009549123805605119	0.7282290705096215	0.008799095559358143	-0.0843233125964292	-0.9963995742809333	4.8371138365153845	-0.505959604325267
1620.0	450.0	-0.12500305897162212	-0.0038325891857033598	0.7231059986120463	0.16298872712767382	-0.04414164123128581	-0.9856399698763771	2.5299517926717816	-9.389650564028566	-0.061334253695874724	-0.010503795689369417	0.7279084836106697	0.00878955759568864	-0.07436026647069013	-0.997192714847342	4.264465631246059	-0.5050092175051923
1620.0	450.0	-0.13028247793079015	-0.012311198932327036	0.7176451255113203	0.10102184621931175	-0.0341045391359931	-0.9942994706805098	1.9544251513599096	-5.801402452602296	-0.06667171404976374	-0.019664235281477226	0.7222155957866838	0.012151444232058647	-0.058516856033546574	-0.9982124816674482	3.3546852732766763	-0.6974387665773376
1620.0	450.0	-0.12475258606859514	-0.030926238052512905	0.7325385799871172	0.07026972198192855	0.10002799516559176	-0.9925001900796376	-5.740782565061541	-4.049824206865626	-0.060973916758250285	-0.037385270712263725	0.7359806522872797	0.024556422169688945	-0.0384801699047015	-0.9989575583771644	2.2052957978652623	-1.4081639799348507
1620.0	450.0	-0.11003879034135074	-0.05612944971687222	0.7480372193957692	0.02143686425768672	0.07074313618803382	-0.9972641759965283	-4.056671607317949	-1.2314216779512668	-0.04618900974117052	-0.06162743543403015	0.7518138970336377	-0.005295528769573635	-0.004087916696784363	-0.9999776124527046	0.23422102607694412	0.30341540528298644
1620.0	450.0	-0.09639154264731623	-0.07093743109601228	0.7523058872416234	0.06318671475326663	0.023225509042715003	-0.9977314294173181	-1.3308433116792733	-3.623724297797668	-0.03243937787114815	-0.07578385242652572	0.7551198602952596	-0.02772116269241475	0.030469669522159223	-0.9991511961765434	-1.7460537108124503	1.5892472298716314
1620.0	450.0	-0.0848190585252871	-0.07002077120747893	0.7552017347955491	0.05340870510866197	0.06263365114997502	-0.9966065120263183	-3.590994377789026	-3.0675787442828595	-0.020838789690240892	-0.07492373939481357	0.7571438280906306	-0.036845515223369804	0.056110206300158214	-0.9977444682742228	-3.2165673327468114	2.1149038752450187
1620.0	450.0	-0.06972785622618022	-0.06796357289744664	0.7572542361938888	0.043255936199532954	0.08477218330912152	-0.9954610523995631	-4.8629246515799895	-2.4881179090923524	-0.005839279381344573	-0.07319623588422003	0.7607405824798998	-0.028624193948107758	0.03296023355529834	-0.9990466733991257	-1.8888243757034413	1.641161513034443
1620.0	450.0	-0.04497268921165805	-0.06804746103922843	0.7508420712717521	-0.06991104131531081	0.06945866776651383	-0.9951321384312937	-3.9828954864760413	4.018599164038119	0.018994582013606265	-0.07216701280980758	0.7543780476320507	-0.15569471678296082	-0.028770959250792122	-0.9873861289515834	1.6486820453814883	8.960829884656398
1620.0	450.0	-0.010710342165504054	-0.06822494272811343	0.7380031763993646	-0.08252163856821361	0.027196889909702218	-0.9962180773010215	-1.5584591724498984	4.735280135139356	0.05332298942086611	-0.0725597279008704	0.7365106258730456	-0.18958065639208144	0.01612209519962879	-0.981732807154494	-0.923768032726311	10.929750531685144
1620.0	450.0	0.008147338645327261	-0.06924312065909516	0.7389147012923385	-0.12199965586961221	0.05457989613469013	-0.9910282838633017	-3.128752415285155	7.018036248782007	0.07215707920505648	-0.07322266481877637	0.7360507939309	-0.23848442620281093	0.024180168834036883	-0.9708452453178237	-1.3855566624864954	13.801222383036245
1620.0	450.0	0.019009538457945518	-0.0682100154256361	0.7425652478579835	-0.14740749280902551	0.03255875767969923	-0.9885397708592917	-1.8658091491921724	8.48124673662059	0.08306023784156054	-0.07201634113391868	0.7404902980538086	-0.21009914304152155	0.016912186253401046	-0.9775338108146783	-0.9690430930175346	12.129923421162383
1620.0	450.0	0.038317933312836665	-0.06324586426962267	0.7435050801701594	-0.14298410339215256	0.04087164965991	-0.9888807402447951	-2.3424255032681667	8.227482619567462	0.10223861787755564	-0.06731560817154886	0.7391612462681747	-0.23963938481787403	0.04217571933406355	-0.9699454025136509	-2.41720769527332	13.87785352910431
1620.0	450.0	0.06124166945256049	-0.048456691885276376	0.7466247759170153	-0.13108623112975004	0.03791720308715062	-0.9906456328536525	-2.1730166162714473	7.537817656524979	0.125109608558431	-0.05319366838798923	0.7421825882128357	-0.29087660585966796	0.06313294577568825	-0.9546753817364699	-3.6196585825798158	16.94526574048823
1620.0	450.0	0.07354700198388534	-0.0407912713927382	0.7404809127616957	-0.16733461796177704	0.014342079386073965	-0.9857958268161942	-0.8217687922273257	9.633884522645287	0.13719272204838562	-0.045275927686398126	0.7333819129013914	-0.2646440584808301	0.06086959354573131	-0.9624232711183518	-3.4897280469563174	15.37501472551991
1620.0	450.0	0.07660584273038087	-0.032895895018412655	0.7244632175784721	-0.20282582777517077	0.026016646845696594	-0.9788691379975647	-1.4908122736071292	11.706273269119539	0.1403882349505495	-0.03687449229765019	0.7183588887881942	-0.29154186726195486	-0.02470690383477829	-0.9562389367659115	1.41574537532177	16.955620387110827
1620.0	450.0	0.07740165574772731	-0.023242052084743208	0.7160593558235127	-0.23928987454805206	0.04014886115976572	-0.9701178212653523	-2.3009787491215965	13.856025551307557	0.14129991036670775	-0.025948817498278428	0.710494097405287	-0.34452519725260444	-0.009199391554342004	-0.9387319548343541	0.5270937448826553	20.153705361398348
1620.0	450.0	0.07906349175089979	-0.016263372141989738	0.7240302405888721	-0.2240650518817974	-0.009491016777381536	-0.9745280134131477	0.5438033690870185	12.948498797104795	0.14295192741003487	-0.019773827888828838	0.7188119925020484	-0.3587125574121648	-0.04649301320957643	-0.9322895105208838	2.664814066195081	21.044988143777054
1620.0	450.0	0.08043789659673498	-0.015312515623925224	0.7239691222475191	-0.20979683937983484	-0.015612199694915754	-0.9776203241261735	0.8945494936424867	12.11194563594414	0.14417479996553242	-0.019277364193417308	0.7173985249843187	-0.3407753112907087	-0.0673032070138902	-0.937732604409987	3.8591069041991735	19.971321781327347
1620.0	450.0	0.09071690289313114	-0.03663586503014632	0.7590915085192239	-0.21498404367197804	0.02922282343433438	-0.9761802022735554	-1.6745828474748807	12.419980733620097	0.15441441737381323	-0.03994894977198413	0.7518158132195086	-0.3429657362134968	0.036995780734331525	-0.9386191177033991	-2.120185928988893	20.071997124779845
1620.0	450.0	0.09037751409166053	-0.04373305449945595	0.7709980006078412	-0.22890675483618633	0.0281046149789291	-0.9730426048251097	-1.6104878831114777	13.238040045803457	0.15406844314080967	-0.047192921226619874	0.7637329814954015	-0.2890336833016697	0.02318590633861696	-0.9570381316665373	-1.3285736326781101	16.80476425179713
1620.0	450.0	0.07543963198665296	-0.05851220952487933	0.7689103255880956	-0.23093286183092576	0.034862164268772255	-0.9723449713033921	-1.9978597066941672	13.36027038323532	0.13910534499928023	-0.06240237906535981	0.7616419563653813	-0.2697449265235079	0.05204318419297643	-0.9615243884938284	-2.983202505420117	15.67087065734688
1620.0	450.0	0.06607118139132853	-0.0664471434288946	0.770373805481732	-0.19903899830945568	0.05769449281153843	-0.9782917877831047	-3.307487586664828	11.500184722113074	0.12975984020959308	-0.07015630148763563	0.7632126248497713	-0.30640574450541314	0.08094023303363393	-0.9484536283672665	-4.642612394548659	17.90347737035372
1620.0	450.0	0.0551728831545196	-0.06896202801362125	0.7569905255987186	-0.2221625848994434	0.06131456435590392	-0.9730797443901992	-3.5152707068528275	12.860695665181835	0.11873403219768272	-0.07322625304787704	0.7490480863771928	-0.2974870669598915	0.08808109814260023	-0.9506540909901339	-5.053223652903978	17.376405795259412
1620.0	450.0	0.045507869285516755	-0.07024403474677626	0.7626890976369993	-0.2241047854465542	0.06822986558747944	-0.9721737243057151	-3.912322863976532	12.981018940317341	0.10937847952344615	-0.07432842562699254	0.7576742673717045	-0.2629791925178731	0.0543218051269332	-0.9632710347097522	-3.113942919170167	15.270005211248373
1620.0	450.0	0.0054132871112677235	-0.06939979110302427	0.7467212360761128	-0.10560019014094862	0.07321885499567413	-0.9917094317482092	-4.1988887940923805	6.0781227113847685	0.0690438913635428	-0.07596189954441757	0.7413017749487179	-0.18413245490192687	0.03247852231158341	-0.9823647234143952	-1.8612095686462575	10.616222185401533
1620.0	450.0	-0.009767299406837454	-0.06862999001430398	0.7500970033213812	-0.1147127915194443	0.07428978928345142	-0.9906169354943168	-4.260416385935111	6.6053935550816165	0.05398417196535636	-0.07559589028314385	0.7471795121144484	-0.2214771133668389	0.02117897688641099	-0.974935493196178	-1.213556724817477	12.798726046162587
1620.0	450.0	-0.018409088066134463	-0.06745823798186518	0.7385848114379892	-0.07956978679200036	0.08591171708925534	-0.9931202674090882	-4.9284542015252875	4.580809771815526	0.045373307263246204	-0.07433944997339356	0.7361888583516696	-0.14795205184184357	-0.006234275184896804	-0.9889749284607994	0.35719997027668676	8.508429775875731
1620.0	450.0	-0.034433422516242713	-0.06518141117531254	0.7345046708185696	-0.04130407037704053	0.06318989609541203	-0.9971464317768438	-3.622928123756444	2.3719653541621435	0.029392662206303433	-0.07205910731999907	0.7340422550431832	-0.14397210028396226	-0.011008015509003405	-0.9895205252988891	0.6307255680940149	8.278265378989357
1620.0	450.0	-0.04897945571901033	-0.0643609109701144	0.7412483413267601	-0.040653718215897056	0.09412550654176544	-0.9947299781042441	-5.400989491330193	2.340324478571396	0.014866628500939016	-0.07104767127572609	0.7417487311868007	-0.14874644867254463	-0.01671849399325019	-0.9887340503438039	0.9579437746606695	8.555492974154458
1620.0	450.0	-0.057623000977215934	-0.05613002117255951	0.7052103338080339	-0.016406084670443494	0.07030070106837316	-0.997390947853307	-4.03125866967285	0.9423733464819573	0.006113615973687312	-0.06367484954562327	0.706626260392446	-0.12617025395946632	-0.02091753637011691	-0.991788021456289	1.1985739673308595	7.249936417628014
1620.0	450.0	-0.07939247957673719	-0.04638601701406844	0.7051524960639939	0.02443666102127183	0.06260389048202836	-0.9977392889894208	-3.589285864194841	-1.4030094836549403	-0.015491636255224912	-0.052313176862852265	0.7068367236448467	-0.04387226953462691	-0.026619093110078193	-0.9986825076501199	1.5253418626538846	2.515394739894541
1620.0	450.0	-0.09683734336504496	-0.04133465395384682	0.7079090043178695	0.11617248379983072	0.0011400586305676044	-0.9932284257520035	-0.06532056207888234	-6.671260913661751	-0.03305081545156223	-0.04771004926059472	0.7113613680071103	-0.0607925913457201	-0.07056022361305934	-0.9956533092846804	4.0461652338107115	3.4940275268395093
1620.0	450.0	-0.10610263890015086	-0.03897314003127429	0.7158139635631375	0.08491060022974593	-0.0016014322116210677	-0.9963872375930898	0.091755346121283	-4.87089055543113	-0.042194211574976215	-0.044393141515473605	0.7185747830704127	-0.03196161257954302	-0.0315549414337749	-0.9989908567651467	1.8082651375590892	1.8324903022675612
1620.0	450.0	-0.11955412044873856	-0.0269059347649075	0.6999210599473127	0.12266580176069374	-0.013392590042186507	-0.9923576169866666	0.7673618265226964	-7.046614205577595	-0.05559852485051611	-0.031933069948687755	0.702307548400716	0.008771360259879221	-0.0320091093582786	-0.9994490918539125	1.8343001953387092	-0.5028260323253674
1620.0	450.0	-0.12917932709496616	-0.016571506288327837	0.6937659577516626	0.1810529101215534	-0.03669873914671214	-0.9827884218923431	2.1031551341583374	-10.438204850553541	-0.06543033408607549	-0.021960139244021418	0.6990870618512666	-0.015159264222914207	-0.06303132242456773	-0.9978964380442188	3.6138243736907376	0.8703258404846199
1620.0	450.0	-0.13379987249587444	0.0015479872550416586	0.6902729740018525	0.14852742348974202	-0.04749814813140831	-0.9877668887997387	2.7224677592245046	-8.551322521541065	-0.07004845270384163	-0.004417600509655652	0.694904805253021	0.017170403732777034	-0.06644079334533068	-0.9976426397254875	3.809583383932262	-0.9860189467441356
1620.0	450.0	-0.12928855544537024	0.013815134965943126	0.6811683665421948	0.12576817891855893	-0.06938300604439775	-0.9896304156385263	3.9785499052538866	-7.2426666716018575	-0.06561769903611074	0.007330497392232302	0.6861940150840924	-0.01969285010454795	-0.06273186711238701	-0.9978360998508757	3.59663282591363	1.1306172844730726
1620.0	450.0	-0.12474150070755094	-0.0043378739258223605	0.7389413217305789	0.06182736222176051	0.03333039737892683	-0.9975302246568479	-1.9100448603895577	-3.546680653464961	-0.06126278642422972	-0.010016413023287622	0.7466544696140718	-0.0026443216360695077	-0.010702058659303647	-0.9999392424337283	0.613194498935285	0.15151732206640997
1620.0	450.0	-0.11927959541991735	-0.02510264894522628	0.7525416355308132	0.03894643547183052	-0.000117236441899711	-0.9992412889440113	0.006717153341371316	-2.2320309131103753	-0.05559866598435301	-0.03039021849633832	0.7587114376412885	0.0009479015557164461	-0.013624494864581761	-0.99990676110488	0.7806502066163663	-0.054315806612821926
1620.0	450.0	-0.11137072540936613	-0.037622684912529944	0.7532295348941768	0.01929558846675039	0.03637143450197143	-0.9991520132908551	-2.084389430784937	-1.1063565490217582	-0.047516941584605316	-0.04321469319443682	0.7567945535832443	0.005364849392554619	-0.004908147632143485	-0.999973557786582	0.2812172736399412	-0.3073884068469006
1620.0	450.0	-0.10313768710615466	-0.05875293601181203	0.7843205479818174	0.03885427396340989	0.14373851061422177	-0.9888526760858803	-8.264235956660132	-2.2501241803939434	-0.039265510934147874	-0.06502026286664145	0.7858539588088509	-0.009665246679623728	0.04222993258357288	-0.9990611840283669	-2.420316655549355	0.5542809349491593
1620.0	450.0	-0.06247834826833768	-0.07117309253170642	0.7736075236876097	-0.05698106093137878	0.08351423555362686	-0.9948761393161117	-4.790593037821589	3.278007476217434	0.001373278239478029	-0.07678889184466897	0.7771737841941536	-0.07628547591178	-0.008338217421078348	-0.9970511447254733	0.4777502029990365	4.375238703921641
1620.0	450.0	-0.04756118124420333	-0.06848932141353153	0.7581338455570474	-0.017067860308067416	0.030656839012194882	-0.999384178500141	-1.756782744894078	0.9784238354325474	0.016334329883417355	-0.0741819863252524	0.7606324146596664	-0.1213662915514424	0.01047378064641144	-0.9925525634837175	-0.6001143990259293	6.971345749026729
1620.0	450.0	-0.005611432504792856	-0.06481923828184938	0.7459569896971112	-0.05649267541749273	0.06422231119345351	-0.9963353380178023	-3.682201556189656	3.2452224940177508	0.058416208931558584	-0.06942714573274628	0.745240090373928	-0.15846949909950772	0.026619811156975093	-0.9870049844340492	-1.5253830182944987	9.121331366874491
1620.0	450.0	0.010298507672063254	-0.055064077887066604	0.701476337976026	-0.120338884887426	0.026921367713467946	-0.9923677952449916	-1.542667130896348	6.9141790610984675	0.07423899356387849	-0.059329197246039064	0.6976411529231379	-0.24479404313348482	0.0034912272305764325	-0.9695688360142549	-0.20003299199052024	14.169750519833359
1620.0	450.0	0.025301028914263248	-0.05489478897223179	0.7019870224080251	-0.13401767687744648	0.041297212975138844	-0.9901180830278808	-2.3668290898089936	7.70843662055821	0.08913182658701688	-0.0582169998598447	0.6959972138221173	-0.2600720915902898	-0.005569099224273288	-0.9655731429416539	0.3190875306644446	15.074579147827903
1620.0	450.0	0.03861585435694083	-0.06038204131997861	0.7368059526088694	-0.17408874109699973	0.05719852846925913	-0.9830673932693649	-3.2790239174555706	10.04224347311211	0.10247927986879371	-0.06360832307179937	0.7311191598776818	-0.24364861834653748	0.00880986844075339	-0.969823539382023	-0.5047748094445953	14.102544233088953
1620.0	450.0	0.046782578529295106	-0.02935150642717648	0.7050460092187797	-0.17392667068067014	0.01567418110055497	-0.9846338728959906	-0.8981012011891818	10.017446189617292	0.11067699491141632	-0.03363420306537289	0.700524097199412	-0.27035769553426164	-0.03164219558289742	-0.9622398112429357	1.8132669297425799	15.693614053241586
1620.0	450.0	0.04413325335294101	-0.02187660787584528	0.698857545836983	-0.1610467814888179	-0.004912348617435527	-0.986934531733188	0.28145797526871214	9.26777333499887	0.10795674603131748	-0.026568245875266128	0.6937746393029992	-0.3142518099261572	-0.03675106149598426	-0.9486280413961381	2.1061550076208793	18.32847382308167
1620.0	450.0	0.012016835600165619	-0.05084240963842265	0.6427895107510135	-0.22724425805559118	0.07429910958549811	-0.9709993248119226	-4.260951879824662	13.17194347449242	0.07594274632046394	-0.05439977062453076	0.6474915044784194	-0.3115312867045307	0.05947597537361868	-0.9483727623792425	-3.409734650955526	18.184852030851683
1620.0	450.0	0.010937125277229958	-0.05348623467670796	0.6400009424924745	-0.21069579470137023	0.0628596252358863	-0.9755285196037751	-3.6039673025198042	12.187602616688425	0.07479531223508766	-0.057394755575385946	0.6453057560101668	-0.322358524652977	0.07194431860537785	-0.9438797588638954	-4.125670117200572	18.856318281842405
1620.0	450.0	-0.006179235407990332	-0.04587623794261571	0.6786522448913428	-0.16882818077918693	0.03961186398829823	-0.9848492163584629	-2.270186580870983	9.727402590357547	0.057424708632193344	-0.05359667517431357	0.682679498931281	-0.26159129179275825	0.0064470468542507375	-0.9651571971061353	-0.3693911340227481	15.164827600353227
1620.0	450.0	0.0031549733788419753	-0.04709462170066914	0.6348931000223812	-0.1850502580797653	0.04316212271003583	-0.9817807486747709	-2.4737759665206105	10.674126491503975	0.0662113976187169	-0.054416165817849096	0.6444622158351772	-0.32475245923719925	0.04112365672671579	-0.9449045727847889	-2.3568765945013666	18.967236038803396
1620.0	450.0	0.0014404431901669165	-0.04797722506276858	0.6404594816795256	-0.1727985392087242	0.048223997855872246	-0.9837759827585811	-2.7641036005012816	9.96228038478076	0.06446384875464575	-0.05625692154776395	0.6494473958307162	-0.2625871650812758	0.04321363356900771	-0.9639401192678355	-2.476730077618371	15.238210580838334
1620.0	450.0	-0.0060960832113174206	-0.0545047420679383	0.6368928947889975	-0.19644417301918035	0.10572458862302314	-0.974798453704027	-6.0689148058586175	11.393805439927053	0.05673709786287119	-0.05943740116363068	0.6490972322950446	-0.2766884552571031	0.0443455677595535	-0.9599358750834289	-2.5416473747307498	16.07890675519182
1620.0	450.0	-0.005581380391958379	-0.05732794903887453	0.6595715896370846	-0.1814192789124513	0.06459061379659578	-0.9812823415905986	-3.7033476456570797	10.47455872017539	0.057139625231706695	-0.06329656476565786	0.6718897349309091	-0.199563529020503	0.09089251544522145	-0.9756602883937362	-5.2149549181646595	11.559942069501965
1620.0	450.0	-0.009492196533886199	-0.055718280987573955	0.6415631001982991	-0.12726729799892672	0.04650995331013814	-0.9907774175278935	-2.665785713569624	7.31967264383201	0.05297301871446211	-0.06061076253144605	0.6555433052017311	-0.28487274367373294	0.05459595385623159	-0.9570092474825159	-3.1296738288154833	16.576678583383973
1620.0	450.0	-0.011283296842231613	-0.053759987366859385	0.6256209122344758	-0.17291348168029766	0.038846183360133846	-0.9841706451845186	-2.22628251599641	9.96485679090139	0.050841175404415156	-0.060369983075620644	0.640390594980675	-0.28506463046909103	0.09001506105314575	-0.9542722547827783	-5.1644735424803425	16.632181216249776
1620.0	450.0	-0.005941193991154527	-0.05131189964986472	0.6488604511896626	-0.21245745350143475	0.07059009776181453	-0.9746173122137205	-4.047881175211816	12.29755954094215	0.057290161451399674	-0.056100072702383735	0.6588681837667303	-0.26111498809328565	0.00441826459600031	-0.965297569232892	-0.2531487377494828	15.136383496335224
1620.0	450.0	0.008806271544109576	-0.0365037390284962	0.7057322340793617	-0.16512240067586523	0.054977743000647505	-0.9847395944403422	-3.1515816395272886	9.51887506668199	0.07279384270589304	-0.041669007958616444	0.7052891118469784	-0.28680284364294106	-0.01258953787634514	-0.9579068873161237	0.7213464423338527	16.66800316192387
1620.0	450.0	0.004302979764105772	-0.04451212047151689	0.7174743048565605	-0.20117618401177614	0.08121428298025846	-0.976182558682919	-4.658366164163423	11.644749791059454	0.06808830725499126	-0.04928025925765962	0.7229499302102683	-0.29456974289166943	-0.0149477196847594	-0.9555130984301328	0.8564731475504357	17.133712043502886
1620.0	450.0	-0.003744606182365542	-0.045002020589680294	0.7031099469671942	-0.15770039656400328	0.07717589247671919	-0.9844665798321593	-4.426254239199582	9.100817031218297	0.059778964900969664	-0.050976716515426956	0.7102053362470664	-0.28435541984224816	0.0150533876509657	-0.958600779387259	-0.8625281573238212	16.522248035163308
1620.0	450.0	-0.0074149603112210975	-0.043026847667806595	0.7062126448198016	-0.09737323547757573	0.062209462942479615	-0.9933018065357843	-3.566642694723293	5.598808309076978	0.05630100604474195	-0.050616163307081144	0.7082035097250243	-0.25251116086685144	0.02924961908166905	-0.9671517749175468	-1.6761187815417717	14.632560158706964
1620.0	450.0	0.002699732734973386	-0.043453061975642554	0.7078063067828853	-0.16856888749648366	0.08336779265439052	-0.9821580591902874	-4.782173115103166	9.738852023269343	0.06647817607677331	-0.04942929878420542	0.7120348268694398	-0.2876882518391204	0.014305740445804668	-0.9576172696390419	-0.8196865106914166	16.7213667914022
1620.0	300.0	0.02516299626610378	-0.007824638564068608	0.7352067688664898	-0.22116713192592735	-0.020546927809875465	-0.9750194091179513	1.1773350958615663	12.780337703322315	0.08925447977406925	-0.011381112499168438	0.7361653399461429	-0.29056920220159244	-0.09099996287737577	-0.9525169016604871	5.221136821571467	16.964542618656413
1620.0	300.0	0.02712341871175976	-0.021341475296644784	0.7043261222806403	-0.18423016390229002	-0.0011064921356301743	-0.9828825360379622	0.06339734237252079	10.616258860636828	0.09116823984630626	-0.025523360029453216	0.705760817210948	-0.33359936625638476	-0.05319231106584769	-0.941213093225071	3.04913396210182	19.516135419767796
1620.0	300.0	0.03891357200858968	-0.03323227735136053	0.6769156980405489	-0.3132968410435492	0.036735601259364696	-0.9489444445773955	-2.1052686027548306	18.270794171414373	0.10266145568517518	-0.038364996021724725	0.6824967507571085	-0.27622082753723576	0.017356086100301003	-0.9609374515883351	-0.9944804151815594	16.03726178809537
1620.0	300.0	0.03332197725987291	-0.03012796278834844	0.6656933197325002	-0.2711778481099445	0.00041612650171065496	-0.9625291459378619	-0.023842292979657596	15.734369454028966	0.0971204666954325	-0.036257878068652986	0.669362448786469	-0.2508515652573663	0.03290174065267032	-0.9674662831491718	-1.8854711605607704	14.535951889403613
1620.0	300.0	0.0327586461722175	-0.02837257256820604	0.6345435984838224	-0.27927761770137877	0.022458386330123196	-0.9599477525308536	-1.2868789459982877	16.22129921160752	0.09658258210000431	-0.03304860807447237	0.6396353092226115	-0.2757613813297751	-0.0009743502140044727	-0.9612256119892162	0.05582616386329959	16.00740073099636
