950.0	790.0	0.022879372179729632	-0.015371899351616251	0.7133243695004315	-0.052611791276253775	0.05747602012737015	-0.9969596629077148	-3.294949217631767	3.020824275675472	0.08674577658062164	-0.020917872923850597	0.716731742338176	-0.002275425830604194	0.08502700343482782	-0.9963760310353893	-4.877577673924198	0.13084625280538098
950.0	790.0	0.039637148031871405	-0.027465938613902032	0.6956770616554563	-0.12455710583399085	0.09608816969531456	-0.9875488131773914	-5.513953884928227	7.188617077291367	0.1037368218043714	-0.024079686493541946	0.6946520043624075	-0.1451469358949132	0.10820637511112327	-0.9834753484050831	-6.211931258803453	8.395434824400509
950.0	790.0	0.03640703854359849	-0.026005752386579106	0.6918936171117374	-0.09281429995459259	0.04197465756126452	-0.9947982773208967	-2.4056774936481418	5.330243851313597	0.10060110820615809	-0.026625363003125558	0.6917415432484083	-0.10479998115819339	0.03256082862851849	-0.9939601274569749	-1.8659278687654828	6.018846051176347
950.0	790.0	0.027193571806670886	-0.025045000120165167	0.6823904642106955	-0.03210870495800187	0.02419319965695227	-0.9991915397881513	-1.3863034921211521	1.8405484362613929	0.09129762755381526	-0.02840475586920735	0.6832075943664142	-0.005939282711216576	0.04032955406934438	-0.9991687807633043	-2.311340082144221	0.34057491721435895
950.0	790.0	0.008154109791233821	-0.025330611421154038	0.6803910136950415	0.04140677001645373	0.005820814167751716	-0.9991254208512382	-0.3335099684841951	-2.3731518357120764	0.07232111789446603	-0.027104562944359437	0.6812476295311364	-0.014819937504476827	-0.04876729498151142	-0.9987001902655933	2.795268902491694	0.8501626033754394
950.0	790.0	-0.02468112446387372	-0.02443749625812756	0.6739304326245142	0.028500188164865735	0.061499032888290665	-0.9977001774916325	-3.525859959032421	-1.636259656171214	0.03943671738388155	-0.026701178144323996	0.6761807047684891	0.02042555137284615	-0.05322077569882284	-0.9983738518101248	3.0507671788414195	-1.172040559257563
950.0	790.0	-0.034124367551222695	-0.03549706888646028	0.7248085432397884	0.03142799067853233	0.049183436399450726	-0.9982952257277695	-2.8191406960622083	-1.8031706916637318	0.03000567174598536	-0.03832720334108488	0.7240249474735307	0.02109553323816795	0.046721530591693025	-0.998685142855724	-2.6779213916177724	-1.2100964037578068
950.0	790.0	-0.05551751239327568	-0.03793436342125524	0.6898769479662894	0.1251527669024286	0.039411227063542185	-0.9913544600672787	-2.2586819480417906	-7.19519716665738	0.008378395987432454	-0.04015720495274816	0.695678455645128	0.09350948539096574	0.04171022734557743	-0.9947442738567333	-2.3905134779503276	-5.3702250395441276
950.0	790.0	-0.07859733741377226	-0.037799124773388176	0.677680925056507	0.13682979863827632	0.05153760153642578	-0.9892530193779878	-2.954195825063342	-7.874973074690896	-0.014575385754752004	-0.039239240262964374	0.6821977155945281	0.09526084162388096	0.04169976035952806	-0.9945786224049612	-2.389913241600802	-5.471105994519115
950.0	790.0	-0.09957823855338106	-0.037774243551918545	0.6714421484742471	0.20194472326083124	0.034995122391329354	-0.9787714808794437	-2.005482297212188	-11.657945382133326	-0.03567861780396106	-0.041549302809729675	0.6763281508583958	0.130367747194082	0.017679747547598608	-0.9913080567792376	-1.013027696273009	-7.492021293942168
950.0	790.0	-0.13012166036107897	-0.03846564886570817	0.6905677552595745	0.25076481209183155	0.07540932196385816	-0.965106384547879	-4.324741328890028	-14.565160147041388	-0.06629507393817179	-0.040712058334494816	0.6970797544699021	0.16528003682188092	-0.00897769395875845	-0.9862057958112505	0.514390883652272	-9.513889919680352
950.0	790.0	-0.1493473819072633	-0.02784525166532887	0.6944223503030943	0.2886852674340569	0.08874797370921217	-0.9533019842372104	-5.09158303335338	-16.84771223424391	-0.08612862875022022	-0.03544308155619333	0.7026045171209943	0.35672057611612484	0.07477587466216286	-0.9312137513876011	-4.288344707842625	-20.960365543010386
950.0	790.0	-0.14870346886609603	0.0008671190695853665	0.6876963488806351	0.20266435667905902	-0.05482986797863624	-0.9777120677169994	3.1430962258764965	-11.71067164197891	-0.08575681973725344	-0.006382773981936924	0.6980135208676415	0.20905627582990388	0.01230761510202589	-0.97782623608376	-0.7051922054274449	-12.067980216563136
950.0	790.0	-0.14182809700124177	0.013316345106645014	0.6779646243015106	0.18676669180466415	0.03797139925050444	-0.9816702003093403	-2.17612406550966	-10.772013034892218	-0.0790781569408025	0.007371552971407042	0.6901461715143113	0.2597565485947714	-0.04073841059070606	-0.9648144429662819	2.3347851034551628	-15.068422485917475
950.0	790.0	-0.13068893533011916	0.02466804692047471	0.6923687756612378	0.19282195737022526	-0.023466509677558513	-0.9809531090986375	1.3446553955048115	-11.120617868780787	-0.06761617420667411	0.02071604257249176	0.7036601037282086	0.2046093236187565	-0.004039467701470102	-0.9788353979761131	0.23144508020299973	-11.806727727408518
950.0	790.0	-0.12649480251354933	0.025142872596800467	0.701010350031958	0.22648909047566254	0.020486641830484792	-0.9737982200763943	-1.1738802364600107	-13.093254367563999	-0.06389577793032897	0.02236669747722266	0.7149724629290954	0.23797931356263172	-0.08865930617129278	-0.9672152278681695	5.086482652266593	-13.82281776315982
950.0	790.0	-0.1107456059342968	0.020766685265210916	0.7534610236154036	0.18196716708485766	-0.03365808881163462	-0.9827284149511618	1.9288307371102027	-10.49037349228598	-0.04684978827391298	0.01695900883382235	0.7583713911497566	0.17297950642475168	-0.10225030407019005	-0.9796034503749235	5.868767784516003	-10.014123238790221
950.0	790.0	-0.09079625488165635	0.012080862193462279	0.7062733890160154	0.15767659254919397	0.02650000664158835	-0.9871351192547395	-1.5185163027755162	-9.075277463354993	-0.027995521274177565	0.010137293704674517	0.7194482143852365	0.08871423868931341	-0.07236904311571128	-0.9934246179108626	4.150068638684594	-5.103058557261498
950.0	790.0	-0.04749308640855973	-0.000768845525986073	0.730388236080898	0.13583940307453934	0.011499224680282872	-0.9906641294691314	-0.6588715630661773	-7.807680767979779	0.01628603001512924	-0.0024119600749516034	0.737516356899887	0.07666332508263664	-0.06960706121227793	-0.9946243472588527	3.9914184330506166	-4.407510556620681
950.0	790.0	-0.025284749227856795	-0.016185466593318935	0.7042977551015047	0.019275005394163623	0.11722067736022154	-0.992918795956668	-6.7317269569151685	-1.1121128627722714	0.03802172725623992	-0.019218933107511087	0.7145141017916569	-0.024276062846704187	0.048507324233337215	-0.9985278266430205	-2.780356026478765	1.3926922847742575
950.0	790.0	-0.016568557694899087	-0.033334476467904835	0.7202500129653968	0.04568184491497235	0.04086268100574303	-0.998119945490761	-2.3419112075879296	-2.620478309842072	0.04737838390817985	-0.03570334644402738	0.7253942075832391	-0.015711243610014622	0.039287282255422676	-0.999104441623286	-2.2515749293825773	0.9009205864800612
950.0	790.0	0.0022323125012821046	-0.03078349146736057	0.6927353735426492	-0.029041382608987573	0.007415263345551808	-0.9995507266594317	-0.424867187372607	1.6642283720604492	0.06629192670778436	-0.03300556816320549	0.6963010188544376	-0.020889910448420868	0.04123094721071669	-0.9989312446366405	-2.3630291046388194	1.1980096504114268
950.0	790.0	0.021557288383530937	-0.035046764300831534	0.6962379201443343	-0.027114291578915848	0.044399200980614964	-0.9986458553949255	-2.544723361599989	1.5552589414011178	0.08563311475765664	-0.037158090557158574	0.6995720466461095	-0.034518112422658384	0.05895252608764495	-0.9976637558100351	-3.3796904971589563	1.9815830102874255
950.0	790.0	0.029309881921508144	-0.036870415610787084	0.6885852721899458	-0.00539616576203026	0.05865477834783727	-0.9982637591667608	-3.3626012364417006	0.30971224743337405	0.09340146366156117	-0.038577290828776006	0.6918473805060379	-0.04003591049417497	0.03701321784063137	-0.9985124804522519	-2.1211856863216334	2.296076083385303
950.0	790.0	0.0566275049014764	-0.04054839979141738	0.6950332279318734	-0.09131017380881426	0.08096973319662915	-0.992525229831878	-4.644308195410751	5.256292021966016	0.12079950222813227	-0.04234099749082991	0.6948689835610986	-0.042635771856756904	0.04605670072575724	-0.9980285866288579	-2.639788393246418	2.44618779111926
950.0	790.0	0.07220467442945816	-0.040271341714369156	0.6889961018046151	-0.1206574215650573	0.07681613453546556	-0.9897176588363656	-4.405580254628681	6.95068408334079	0.13639287629387348	-0.04129590174829117	0.6893287303775929	-0.14755461494107586	-0.009767756275292111	-0.9890056532353045	0.5596601095683259	8.485647391300919
950.0	790.0	0.08869466300669432	-0.03892188601863215	0.6960216531099612	-0.12722109595126285	0.07429365470392713	-0.9890881395636055	-4.2606384719375985	7.329405285689142	0.15288656654266977	-0.03968058730306456	0.6956907204784144	-0.18435514541572043	-0.010902435021332355	-0.9827992099605195	0.6246758887057601	10.62417723022639
950.0	790.0	0.0960470136982666	-0.03769647675669516	0.700339291031912	-0.13713746294754256	0.03524349332591717	-0.9899248604872034	-2.01972168745218	7.8871681874005	0.16005963288465697	-0.03967590271239098	0.6958949596534386	-0.12256648373811774	0.0073284268250113915	-0.9924332884006196	-0.41989168604006877	7.040434634542831
950.0	790.0	0.10694544918031022	-0.03728213671009675	0.7087180921141158	-0.11835838090591831	0.07490298794675584	-0.9901418095911145	-4.295648244632249	6.816609172079075	0.17099029636026525	-0.039548437509577816	0.704922429589591	-0.1832978433004258	-0.002819977701953108	-0.9830534442377303	0.16157303478891008	10.561950913508225
950.0	790.0	0.11115011824428013	-0.029529230075059393	0.6988593882776971	-0.1890475724174652	0.07529060770907209	-0.9790772401188554	-4.317920111424016	10.928606843206744	0.17506346719277086	-0.02891445943557204	0.6928600960805389	-0.2712712515215451	-0.01730520380945009	-0.9623473713578619	0.991564636751791	15.742346035322301
950.0	790.0	0.10512626317255225	-0.008549997090263639	0.7001669761457177	-0.1803826073971351	0.029553321733195463	-0.9831524175691823	-1.6935271877126314	10.396638271365735	0.1691871883322179	-0.010902485321799306	0.6967102015760066	-0.2744529845658227	-0.0023645423755200047	-0.9615976225870253	0.13547842484201567	15.929463830976687
950.0	790.0	0.09589919604656605	-0.005625109920547126	0.7226248550100876	-0.08352014976359652	0.03723019250679517	-0.99581033671009	-2.1336259934357575	4.794264812733053	0.16001480144437702	-0.007966386300062899	0.7203903096414469	-0.23175194974583227	-0.05522209478399383	-0.9712062108850893	3.1656032664817126	13.42110003955036
950.0	790.0	0.0884170035617921	-0.010331620679835871	0.7479093872931153	-0.09767261816264143	-0.01790239530261525	-0.9950575746595108	1.0257864923609619	5.60606643293884	0.15259770992218072	-0.011504342949122335	0.74704493534055	-0.18973642187355136	-0.006156740639029122	-0.981815753175767	0.3527574827691468	10.937612403813489
950.0	790.0	0.0455837289226282	-0.009131503761648481	0.7031529210690916	-0.04084268720962967	0.01683630734518484	-0.99902375389916	-0.9646949327295419	2.341096648384692	0.10975991895463244	-0.010071697965582972	0.7045013614469233	-0.10751624902821735	-0.05106770138636724	-0.9928909293331117	2.927237028783308	6.180253139267365
950.0	790.0	0.03967015535030245	-0.009574753280599058	0.7303046544780394	-0.023919809758997775	0.021263178689009274	-0.9994877244719005	-1.2183822194000171	1.3709448880198025	0.10383676874895256	-0.01150025680345362	0.729831595550155	-0.04564477023537719	-0.004895789861135048	-0.9989457318950574	0.2805092170098613	2.6161930560855873
950.0	790.0	0.027281631460695108	-0.008442656454530144	0.7204758110880023	-0.04077892332566775	0.023235650662555146	-0.9988979861116744	-1.3314245405476464	2.3377397425660633	0.09140844505406748	-0.010626212647089213	0.7225420841416929	-0.10607968504861721	-0.04598592056090654	-0.993293713746941	2.6357286870978927	6.095848648017882
950.0	790.0	0.0031459301354284895	-0.019953703291836416	0.7051071606384074	0.011308527458517615	0.002010764440185997	-0.9999340748359162	-0.11520839365232216	-0.6479459905665893	0.06726588026042078	-0.02309984920607114	0.7049679289162821	-0.01301805615151791	-0.04963375674173944	-0.9986826542026797	2.8449737024811417	0.7468212551733262
950.0	790.0	-0.010269062801173328	-0.02150452356531103	0.6927337034855614	0.015121973649146886	0.06442287538436775	-0.9978081247819784	-3.693716884297443	-0.8682620657755709	0.053853910640174765	-0.024589966580127777	0.6928334133651479	-0.023479413846762595	-0.04213411166825073	-0.9988360322376199	2.4148216306215193	1.3465910046594896
950.0	790.0	-0.03368470470076315	-0.023429304078793803	0.6848023650882423	0.05693115699835822	0.039453533328690234	-0.9975982613306807	-2.2611078052135785	-3.2662254271635605	0.0304283915062985	-0.025747597714559055	0.687130891012519	-0.016703805231168	0.0009023913427336702	-0.9998600406519201	-0.05170322242486063	0.9571024751689782
950.0	790.0	-0.04534660929711658	-0.026062577896259844	0.6756129750482068	0.06955926398213777	0.048414676663947935	-0.9964023360370136	-2.775041467563189	-3.993363538405521	0.01878095411728325	-0.026848369768274927	0.6784980686833604	-0.0026462571265467895	0.009167166872773243	-0.9999544569625296	-0.5252473287743394	0.1516259164177871
950.0	790.0	-0.06474473195532184	-0.02630626968230692	0.6673650045132955	0.10243277242671248	0.03913989373765674	-0.9939696417398683	-2.2431236890991135	-5.883801893464557	-0.0009918602383472757	-0.03065449539041503	0.6735253539066282	0.07153898533996852	0.052720578773312	-0.996043586793854	-3.022067713689296	-4.108108926265239
950.0	790.0	-0.08497175522104908	-0.023539293154967784	0.6141907984112122	0.20753252612995932	0.05446235233496979	-0.9767108783259404	-3.1220076195571984	-11.99585895258001	-0.021179700242201675	-0.026066346011882752	0.6209341914037395	0.18499079299792895	0.034755392257155536	-0.9821254833132376	-1.9917384114946133	-10.667115619751064
950.0	790.0	-0.0954527180291115	-0.02424956596156498	0.6562319229960478	0.2285050341261562	0.02921525353123349	-0.9731042817927467	-1.674148938711042	-13.214815619819749	-0.03199760868286845	-0.029454833838870244	0.6644562714686888	0.14937858059395054	0.08596483197332797	-0.9850360810287522	-4.931508760666297	-8.623079152978862
950.0	790.0	-0.11197972687659026	-0.021835340201403063	0.6091159632793519	0.23086611893668937	0.05421709189508461	-0.9714738287845427	-3.107934438391149	-13.36809481269596	-0.04861766225298199	-0.025967143839692217	0.6185744298012523	0.2676606322252169	0.04290437819032519	-0.9625575349948156	-2.4589946004500827	-15.539778348110184
950.0	790.0	-0.12514750304320055	-0.02181873553479459	0.6740048281779655	0.2393099067398734	0.050573523985912916	-0.9696252318133062	-2.898886114000117	-13.863908998610476	-0.06183625443246054	-0.025890677318080788	0.6838227053966008	0.2234737681866045	0.0667464159725212	-0.972421946359998	-3.8271332281213835	-12.94250769969708
950.0	790.0	-0.1334130220239546	-0.01551977976834868	0.6769429965378781	0.2934880489174694	0.04333538238811284	-0.9549800195594287	-2.4837123119376914	-17.08343693452717	-0.06982446453936182	-0.02161856791467745	0.6833136922449764	0.23125672666705105	0.03921675114285029	-0.9721020727271219	-2.2475306775745376	-13.381556512364966
950.0	790.0	-0.11988089018247092	-0.009408331411256219	0.5868804796847888	0.2988064004829177	0.16719779845168445	-0.9395528986723108	-9.624932918795723	-17.64224672640609	-0.05620202478022933	-0.012138075831651128	0.5945509568603056	0.1708766241414905	0.08322439572731918	-0.9817713047812314	-4.773928424777928	-9.873385392363677
950.0	790.0	-0.13153940730240615	-0.0019971573489883654	0.6847566090907135	0.2793884445465407	0.04326886027680915	-0.9592027048114722	-2.4798972973199467	-16.23933806196828	-0.0681285875974022	-0.00821112732159052	0.6926140988385071	0.2093419956565145	0.032266383668393454	-0.9773100042081523	-1.8490485457983015	-12.090184448522326
950.0	600.0	0.02846996293312507	-0.02367088399688096	0.6432831073452037	0.0031008427546907816	0.052994760640880656	-0.9985899636572749	-3.037799169259697	-0.17791549906083107	0.09210878795398388	-0.03193589442222299	0.6450367253911595	-0.11972982367143897	0.03910905506703327	-0.992035898687624	-2.241355409533792	6.881800660240166
950.0	600.0	0.029199024798812822	-0.024511369699100283	0.6400361769964892	-0.003336510850521675	0.018855109558017065	-0.999816667897384	-1.0803822217563237	0.1912023339248642	0.09297274568588418	-0.03163763772425436	0.6418840005457451	-0.03992563197262855	0.039246137000867695	-0.9984315796977178	-2.249215660399444	2.2899436421547685
950.0	600.0	0.025663421395352565	-0.02463101558906902	0.6333519108712635	0.039071599392845074	0.007202091099755607	-0.9992104027251638	-0.4126529911302602	-2.2392659462401014	0.08944732116098615	-0.030878201715417643	0.637076480619297	-0.09364253737579642	0.04776870038271163	-0.9944592591882803	-2.7379868774058624	5.379353669937856
950.0	600.0	0.023797849472750314	-0.024783135611287484	0.6291815747238165	0.04796172326271932	0.011207377566684478	-0.9987862451049628	-0.6421488773440641	-2.749231905291141	0.0875874760184378	-0.030615701523265162	0.633441896737674	-0.07225734541449105	0.024410081752865687	-0.9970873065212392	-1.3987335918558146	4.144889094091856
950.0	600.0	0.010508853864944302	-0.022233959996297473	0.6029829159882515	0.026644681394472573	-0.007035195835914249	-0.9996202368922106	0.4030903545835491	-1.5268462388470336	0.07420565518250233	-0.028175452077738028	0.6083403218320641	-0.07281011928462455	0.014696718433243189	-0.9972375082819868	-0.8420902551138525	4.1758591858489735
950.0	600.0	0.010906673309301618	-0.023870333794968182	0.616212530140634	0.015388047366927702	-0.0293525496661778	-0.9994506194760813	1.6820188029055372	-0.8820851120190687	0.07456048045996255	-0.030160868085839218	0.6216813176826254	-0.06879782878245053	-0.008701039631561318	-0.9975927238410127	0.4985391389738596	3.9450908017427375
950.0	600.0	0.005905439467628946	-0.025850942889986107	0.6290951062690772	0.08127356529953776	-0.04239390245261879	-0.9957898262666884	2.4297198580633688	-4.665978144158408	0.06938391604823038	-0.032316238609288256	0.6361639524185989	-0.041571737374682394	0.040233487904780554	-0.9983250898867828	-2.3058314253683676	2.3845036184198123
950.0	600.0	-0.009171423823252228	-0.026625094746939523	0.6330459982020384	0.2007757521482771	-0.007667896173365142	-0.9796072323210485	0.4393423938588835	-11.582671625901348	0.05428542791422804	-0.03359572053835734	0.6398227206591756	0.06983106808778658	0.06827141319604729	-0.9952198904718623	-3.914708930410754	-4.013664436436985
950.0	600.0	-0.03047361953361284	-0.026493810646363816	0.6357020314113935	0.1852607252712552	-0.03779967954286763	-0.9819621555187433	2.1662781824860575	-10.684058632879275	0.03281669386505953	-0.034075990216560416	0.6433264924730507	0.05458109828687223	0.014946078283729881	-0.9983974541840656	-0.8563790916918692	-3.1291713347959575
950.0	600.0	-0.06755341750641684	-0.023490660606467793	0.6404169953869547	0.26086050949114403	-0.03245047332518663	-0.9648309439594462	1.859601632545674	-15.12928620092233	-0.004238539005916317	-0.029556601972893216	0.6491184975229969	0.06420646849932146	0.0075644994603983814	-0.9979079091418949	-0.43341802675942237	-3.681397641497686
950.0	600.0	-0.08041978836109001	-0.02266269269249931	0.6368434618893625	0.29488649871949285	-0.026408935297271133	-0.955167230302393	1.5132964722694988	-17.15690153679154	-0.017366024477954337	-0.028483114913202316	0.6474090271350141	0.12098823568394743	0.026545360153656765	-0.9922989258117608	-1.5211157820696135	-6.9516017617574475
950.0	600.0	-0.08315630770029037	-0.022740246970074155	0.6438884995266498	0.2755370365100474	-0.0249716656682141	-0.9609660545783243	1.430919792952971	-15.999143544648717	-0.02003057258149192	-0.02873888384641091	0.653910652237258	0.11130025513156878	0.01609104734153477	-0.9936565688623439	-0.9219888907055936	-6.391105754878087
950.0	600.0	-0.07082671151039271	-0.024399752246579164	0.642396909170202	0.2704063064729799	-0.01764376965487975	-0.9625846244215958	1.0109659932777892	-15.690951058820305	-0.007964587400646168	-0.029872367452061666	0.6542159386921697	0.15948126333147128	0.06122924643382374	-0.9853002795888459	-3.5103731480333082	-9.194188453883681
950.0	600.0	-0.034902064292296156	-0.026038062236457674	0.6433321160043952	0.17673019655511923	0.014131113192863566	-0.9841578873842994	-0.8096800945792206	-10.180387949132585	0.02806235399506129	-0.03134973319667513	0.6546702730399399	0.07606308196017031	0.12675373064896478	-0.9890136058529786	-7.282042809615298	-4.3978479483097095
950.0	600.0	-0.010687960331235686	-0.02644765296794892	0.6477772499935475	0.14791451867300068	0.0013984179632340957	-0.9889991582958184	-0.08012347340315641	-8.506097548535946	0.052325854352198276	-0.031552072679032796	0.6589347444287934	0.05198731283284755	0.09879914489484355	-0.9937484672617768	-5.670024103086647	-2.9946619757801822
950.0	600.0	0.01816761048411132	-0.02495222363158889	0.6472318628364757	0.04563368997201071	0.03657734369770728	-0.9982883792534634	-2.0961950142604144	-2.6172787558473263	0.08164465469866083	-0.0306125213489288	0.6549721154908019	0.009471120577945052	0.05278994334583321	-0.9985607343033392	-3.0260475529823494	-0.5434210920072232
950.0	600.0	0.050649668377349105	-0.02476357488058875	0.6591185092983538	-0.02043925426498272	-0.015677125439622193	-0.9996681887335009	0.898269920121786	1.1713085133540155	0.11438462493166221	-0.031139450593273305	0.6634184099406732	-0.08079162467713935	0.09663922998594723	-0.9920351040627079	-5.545674938016855	4.655909461392222
950.0	600.0	0.06735278558710536	-0.024043524021895798	0.6566935629011771	-0.017623136056133457	-0.03197535429269502	-0.9993333526700173	1.8323651820441245	1.0103001793238364	0.13125780159430034	-0.029932275718395393	0.6583540315683701	-0.095572519678576	0.036570533596085725	-0.9947504344767958	-2.0958045629478725	5.487955175992862
950.0	600.0	0.08143704975017045	-0.024438296103398562	0.6575324111921832	-0.08507073602107598	-0.0038516310656678265	-0.9963674651799149	0.22068274994691028	4.880128787022034	0.1454432951766902	-0.02938501308358985	0.657659537647378	-0.25877439894818904	0.009870333612595532	-0.9658873473751654	-0.5655376414160397	14.998099647173845
950.0	600.0	0.04852421130052518	-0.029641466639103962	0.6560388618809914	0.0038223057369969338	0.028171471286081416	-0.9995957741321416	-1.6143199846784426	-0.21908948097952852	0.11259302804863211	-0.033339526831895554	0.6577111940625813	-0.11139644936007226	0.04571138913528559	-0.9927241741032206	-2.6199826364298913	6.402541663154181
950.0	600.0	0.03157469122487572	-0.029186825319152575	0.6481647284879714	0.026346071847771116	0.04043741834041421	-0.9988346914998815	-2.317525295200745	-1.5109294931386215	0.09563281351576873	-0.03162422378733795	0.6516146097743176	-0.06491777564944264	0.04999370641481239	-0.9966375359235957	-2.8656229351948057	3.726798749684981
950.0	600.0	0.01379215985751015	-0.029093577178564138	0.6369138183050924	0.06263619903001635	0.016632065077844704	-0.9978978095721514	-0.9529910739443916	-3.591638179931003	0.07773609831016934	-0.031363464317332064	0.6421393298740576	-0.06998632834189503	0.011227591563706903	-0.9974847481178792	-0.6433071269352594	4.013455417043183
950.0	600.0	0.00029291535098156275	-0.02825572665798916	0.6391348598113851	0.11226031882064465	-0.011911540764182889	-0.9936073987226941	0.6824971532636405	-6.4460890032345795	0.06433107007666122	-0.030394977590737768	0.6431127950036986	-0.05543565696707281	0.005274288371575314	-0.9984483018073039	-0.30219586472393173	3.1779025909073275
950.0	600.0	-0.0037295702948981005	-0.03159479905975434	0.6395854803382666	0.11289177186134774	-0.0059898936604425995	-0.9935892018300622	0.3431976787513619	-6.482157569695433	0.06023924029237399	-0.034156651645328016	0.644351380777543	-0.06021940333817957	0.037756039575265854	-0.9974708411021957	-2.163776010378358	3.454872827653745
950.0	600.0	-0.0009803184212850754	-0.04424409839020695	0.658065747661339	0.10081838635609376	0.046854736294434596	-0.9938009236049077	-2.685561883792721	-5.792682523192733	0.06296442161665673	-0.048164590561568785	0.6621871049901729	-0.0702432655601945	0.023700432769249526	-0.9972482781425104	-1.3580619301625134	4.029093411988304
950.0	600.0	0.0022906213190405263	-0.05455597834238769	0.661747159251042	0.12752304044992158	0.061923184213095214	-0.9899007271537081	-3.550208446925563	-7.340646091579284	0.06615392080492072	-0.058950579079899666	0.6665898947127655	-0.050780371815070696	0.08246911917727823	-0.995299036391295	-4.730504988225006	2.92071053908582
950.0	600.0	0.004924889018233548	-0.06609233368239283	0.6836468483536469	0.02432602239833149	0.08558801028380729	-0.9960335942732337	-4.9098386007935035	-1.3990505979433798	0.06865025493219193	-0.07154518211380662	0.6891812685340938	-0.07103974217672117	0.1429839961716409	-0.9871721829472163	-8.220554248949778	4.116073202972354
950.0	600.0	0.011492305906284094	-0.077005709302807	0.7070659943196238	0.05690689263721739	0.09684494587945124	-0.9936713437228273	-5.557517136539699	-3.277710678628378	0.07530329466813174	-0.08267119465405004	0.7112308007482353	-0.04848143594868264	0.10106540482198229	-0.9936978131121963	-5.800524514664003	2.7931839359877584
950.0	600.0	0.013520512692482748	-0.07638002680459355	0.7074140588705703	0.053412852464379636	0.09963818557117667	-0.9935890892977717	-5.718335981654766	-3.0771152464577005	0.07723362749152468	-0.08200558715832618	0.7129165761970505	-0.05153114908809253	0.11554922162630851	-0.9919641240867947	-6.6353043150519575	2.973762490712767
950.0	600.0	0.014100532512237295	-0.06708771185490695	0.6944583650768605	0.08025516838523204	0.10556667565592832	-0.991168427974093	-6.059816141739239	-4.629155437013495	0.07783553546373825	-0.07226858847034223	0.7001411056028217	-0.057537081116895934	0.09939429183882888	-0.9933832211380739	-5.704292185834623	3.314886714112905
950.0	600.0	0.013733814903302093	-0.050608484321444935	0.6572474827332291	0.04116185642768225	0.07188466740272462	-0.9965632316881036	-4.1222434828063585	-2.365189482204713	0.07753619905401049	-0.054619916304226496	0.6631168791034321	-0.08973105731490592	0.0697176692935711	-0.9935229301967679	-3.9977712426392764	5.1607263492371365
950.0	600.0	0.014041459523238833	-0.04180078414586126	0.6509727500789855	0.07429550429551388	0.026815198805992577	-0.9968757218329032	-1.536581903706186	-4.262280079332285	0.07789992469048612	-0.04644721786649052	0.6556410156863458	-0.08341596683609104	0.038256085079764815	-0.9957802548793004	-2.1924472223544784	4.788456255856218
950.0	600.0	0.012415303952168217	-0.016534211422370305	0.6182574961999057	0.0717818664933295	0.013805153377144299	-0.9973248184996991	-0.7910021505608817	-4.116731126960385	0.0759274370685818	-0.021659485352328207	0.6260822094702725	-0.05987393387878841	0.009481313749209724	-0.9981609400733875	-0.5432474015086929	3.4327311048264106
950.0	600.0	0.011975746418350797	-0.006857963216224446	0.6205402101270148	0.04882337942487043	0.0176369854609549	-0.9986516605514905	-1.0105772271050935	-2.7989219434683257	0.07556822201528092	-0.012146381591167543	0.6275626955960643	-0.09671162030840831	-0.053805474787911166	-0.9938569819296106	3.0843160400279923	5.557918780365569
950.0	600.0	0.012842255201413067	0.005703380811473398	0.6121330015692743	0.027200351154577355	-0.023870438922201715	-0.9993449312128773	1.367805321766699	-1.5591019601404603	0.07641153226395817	0.0003551014759718765	0.619318302224948	-0.10648107569973814	-0.05445795270998651	-0.9928223085506527	3.1217551649576256	6.1216230439903985
950.0	600.0	0.011110881248033482	0.008198245726037858	0.6179880367495737	0.05998033774331912	-0.0424574520554613	-0.9972962540945896	2.4333642634258217	-3.441791287192631	0.07456888742417886	0.002804895243214485	0.6260675693063077	-0.10467743573665039	-0.042293888925268315	-0.9936064813734978	2.423984360853611	6.013983698962691
950.0	600.0	0.01096962090348035	-0.004595243241765124	0.6372070336738631	0.10470560728678874	-0.006025785066075868	-0.9944849873374784	0.3452541419285141	-6.010315235245887	0.0744274032847755	-0.010559615431361186	0.6448765671179366	-0.07103055828503266	0.0792967318990378	-0.9943171268579091	-4.5481430188127305	4.086070057577681
950.0	600.0	0.012783437296245976	-0.02455986164765652	0.6753854895386537	0.0137821755987651	0.05583286850442639	-0.998344977389746	-3.2006520982178532	-0.7909193252710623	0.07635831595074472	-0.031312006130981195	0.681210347696555	-0.05165117906254838	0.03595906249056401	-0.9980176057712291	-2.0607467883108566	2.9626297052652606
950.0	600.0	0.014926046868769893	-0.0342501826234175	0.6895868825851996	0.07430350664230989	0.025372149130101322	-0.9969128794969139	-1.4538730782767197	-4.262579177889186	0.07860221099506623	-0.040696709536534766	0.6945942807655949	-0.07008335342759955	0.0005558521508731498	-0.9975409618205611	-0.0318479839183212	4.01877548619781
950.0	600.0	0.015151405665166337	-0.040083674411078844	0.6870800392348051	0.041331406283142864	0.04847398432287875	-0.9979689386785662	-2.7784435405410433	-2.3715793898952477	0.07884992998408433	-0.0461518523989598	0.6922724220324433	-0.11804847086876132	0.07457627057041066	-0.9902034931867694	-4.276876213968538	6.798508266117384
950.0	600.0	0.015111484483042658	-0.03696230437180882	0.718538956712014	0.0552410979414384	0.040537807006930354	-0.9976497794353941	-2.3232818622576703	-3.1693015774345756	0.07868659983327067	-0.042932686637922685	0.7251605024091511	-0.08535828492210096	0.019848266329185155	-0.9961526075890776	-1.1372965733450573	4.89759510643364
950.0	600.0	0.014968789101104536	-0.030961262154718228	0.7365607242993795	0.018691383349126515	0.045681325931178414	-0.9987811346912076	-2.6182583404746205	-1.0721191526732994	0.07869561895713417	-0.03675325412819902	0.7417211127631858	-0.12248571918931818	0.035524466350918465	-0.9918342427832911	-2.035830343381665	7.040048750694793
950.0	600.0	0.01376715051777753	-0.02700611396531107	0.7418075353641516	0.04746961891102158	0.039379850694532724	-0.9980960933611525	-2.2568828178462423	-2.7229451223271033	0.0775966053256853	-0.032456414033665316	0.7459765342497067	-0.12514881745607895	0.06170902657473906	-0.9902170089147819	-3.5379146067906335	7.203150510922094
950.0	600.0	0.01437468250707847	-0.03102394021935543	0.7502859409804143	0.05957573064311475	0.055717305600419514	-0.996667618883137	-3.194020508536989	-3.4207805133177205	0.078178882240858	-0.03619940203525563	0.7551361280841998	-0.10459926826008266	0.06370575223238918	-0.9924719724586261	-3.6525441752680177	6.016344874141974
950.0	600.0	0.0151428587662322	-0.039067573454875514	0.7294151461573837	0.03517104078556077	0.06487781356511158	-0.9972731701519448	-3.7198375672601305	-2.019825074346614	0.07895362468347819	-0.04428541815526692	0.7341316992795945	-0.10626059747203773	0.04248729180316446	-0.9934301857545506	-2.4350754991788204	6.105333776801902
950.0	600.0	0.019351685455130014	-0.05006295552226319	0.707839443055887	0.09850724298859825	0.0810120414165268	-0.9918333070741042	-4.646740267591275	-5.671921295109237	0.08307897244859444	-0.05557908294730608	0.7132883745383806	-0.10220369046754159	0.027523510306577174	-0.9943826192118735	-1.5771801511692598	5.868314133638287
950.0	600.0	0.019683304921717024	-0.05645412484373705	0.6635789390146631	0.06660065138730303	0.0750261064148178	-0.9949549468089715	-4.302722318268121	-3.8295724969432943	0.08358473094235395	-0.061370170860363844	0.6672837828317593	-0.11902509524193453	0.06555434135087651	-0.9907247790389903	-3.758682449178519	6.850647773183082
950.0	600.0	0.02126357753936854	-0.0620532232245288	0.6479018180161106	0.0771566059611711	0.05920271311254965	-0.9952596648588198	-3.394050238650605	-4.432937079301642	0.08505929343525262	-0.0667426541454618	0.6533241325207333	-0.1324109439837705	0.062137786727291845	-0.9892453083701427	-3.562527989581222	7.623753279993192
950.0	600.0	0.02447200955484669	-0.06619936284381708	0.6240192107663036	0.032788004854842234	0.0807791638399583	-0.996192580067714	-4.633353491190962	-1.8851137980203738	0.0883789603921677	-0.07134227940634842	0.6272960488039059	-0.13835844657232726	0.11826767124838053	-0.9832953778275453	-6.792135494895905	8.009444732640496
950.0	600.0	0.028352730268828674	-0.07453044521524602	0.6376753879651428	0.020159405817519162	0.07803474814244427	-0.996746765253244	-4.475611900440372	-1.1586608107699563	0.09217246281963867	-0.08033826649120376	0.6414959341024399	-0.12548546135570884	0.12642336648792765	-0.9840073573284897	-7.262960828795909	7.267413518885601
950.0	600.0	0.032579479230075745	-0.09964019528225113	0.7351246962170492	-0.05542639870730719	0.17163018385010614	-0.9836010749381388	-9.882614927944484	3.2252341348684075	0.09632827500069535	-0.10539820298689548	0.740046282210069	-0.14629041343631574	0.18976551913041334	-0.9708697897636792	-10.939100483701939	8.568851374967345
950.0	600.0	0.03161435594664657	-0.09253053632895075	0.7194779110259077	-0.024263813585878053	0.1578932233781009	-0.9871580660925957	-9.084632470725113	1.4080158959641156	0.09544432149570109	-0.09823932463906362	0.7232767078952378	-0.03522502422949947	0.17874577399661704	-0.9832645763345927	-10.296713212446157	2.051718865431382
950.0	600.0	0.03186127302471069	-0.0583880932602772	0.6585369085217306	0.021756712796418366	0.06173723176168693	-0.9978552586157162	-3.5395337321333926	-1.2490492272713665	0.09567919837300311	-0.06414472506420746	0.662463639749018	-0.12184563830184754	0.08118342149910977	-0.9892233674667735	-4.656592073356608	7.021925965488619
950.0	600.0	0.03010394488310459	-0.05013088815078591	0.6519110845377798	0.052385309810692365	0.06979309162402304	-0.9961850073895231	-4.002103175896778	-3.010178929622939	0.09375398457904738	-0.056911886741226936	0.6568076270362111	-0.15015357872550497	0.04868723227645633	-0.9874631193166846	-2.7906761918114906	8.646159080662926
950.0	600.0	0.029903626063535457	-0.03928554123726366	0.6486744823260928	0.018550914436561247	0.042076618900385374	-0.9989421796556616	-2.4115246137958026	-1.0638923509244156	0.09370126776268423	-0.045706252329344374	0.6518242452245768	-0.1547361634257958	0.07595825811259185	-0.9850314685012754	-4.356283520981562	8.927496629908473
950.0	600.0	0.035509969626286886	-0.03301981293861837	0.6466556108363253	0.01100766936099866	0.02999038929507233	-0.9994895643380856	-1.7185804201656312	-0.6309895786398237	0.09918002912109876	-0.0398628483029011	0.651192351356555	-0.09596495566857159	0.08733927598456684	-0.9915455678063589	-5.010555933196871	5.528051547836242
950.0	600.0	0.06335242345768191	-0.03085729117201414	0.6462237456355006	-0.03391902435151903	0.10720151291419422	-0.9936585474285536	-6.154020024408232	1.9550605477920617	0.12715132316593575	-0.03715914408978427	0.6495812252611362	-0.07021339973045575	0.13782116491810503	-0.9879652823214351	-7.921786003031844	4.0651013155600575
950.0	600.0	0.09325344978989795	-0.03267820079249358	0.6784821835470356	-0.13221290966275193	0.05896582618390011	-0.9894659089808938	-3.3804538644994016	7.610807673708612	0.15716280683382428	-0.03798526903689492	0.6814342561238554	-0.18385512654153033	0.11795097979134284	-0.9758508460811245	-6.7738625109555874	10.669735744587351
950.0	600.0	0.1127007689667281	-0.030060731054979868	0.6554229374980863	-0.19358621528561173	0.004405870938230187	-0.9810733694210086	-0.2524386265548534	11.162255834332903	0.1768483912601902	-0.03246417127810009	0.6561921272060335	-0.27208125913919906	0.06236163379454422	-0.960251426283871	-3.5753784038325747	15.819747478688639
950.0	600.0	0.11838950573892565	-0.030626903381931362	0.649283719787723	-0.19412261728762548	0.05297318260541384	-0.9795458797734579	-3.0365610998589943	11.209416820640884	0.1825268672000921	-0.03328231590170802	0.6500795041599621	-0.3060105237732393	0.04898716268446416	-0.950766983591003	-2.807881468562482	17.841108152703733
950.0	600.0	0.11788820616507	-0.03174149571041999	0.6489180316493379	-0.1943844147669927	0.021078063178508556	-0.9806989755619749	-1.2077735042567488	11.211287743451896	0.1820444957858055	-0.0339786632968918	0.649419237104159	-0.29812519013198224	0.018801366671373533	-0.9543415844115907	-1.0773024352279494	17.34819636102086
950.0	600.0	0.11007225855564887	-0.0328443983766283	0.6384786950842467	-0.1863238454413329	0.010785880554547204	-0.982429203309252	-0.6179974169802736	10.738957084061866	0.17424548660952344	-0.03451626649989337	0.6390146817831619	-0.28837376842482937	0.017523278172036034	-0.957357523495242	-1.0040612723549835	16.763271529484754
950.0	600.0	0.06327221414636783	-0.036055933668760816	0.6358794995472964	-0.056361558169742094	0.04901460451451323	-0.9972065813421227	-2.809455660628	3.2348837827631565	0.12735279563991056	-0.039699633292835435	0.6371787886285042	-0.11683029480231312	0.05047801223683608	-0.9918682650255047	-2.8934066953367283	6.717808354934569
950.0	600.0	0.04677155193434046	-0.03780430609990526	0.637288808813808	-0.009865590443907016	0.04247165671996959	-0.9990489837767399	-2.434178865543855	0.5657763847174561	0.11082751772824384	-0.04204400911666603	0.6376680029033579	-0.06644110984724011	0.0321114812997077	-0.997273510506607	-1.8401686923052256	3.8115700686323937
950.0	600.0	0.020908485512821755	-0.037528793421469614	0.6240184360391825	0.09651981985059793	0.006328938572475719	-0.9953109327151375	-0.362623889872547	-5.538912432571841	0.08481648667159403	-0.04140229081401649	0.6287140754480269	-0.09158294750399029	0.021929846277530446	-0.9955559601622714	-1.2565883701612743	5.255946931866836
950.0	600.0	0.006000913482212829	-0.03674012880281551	0.6188144510417535	0.1139252686992653	0.03143877659367608	-0.9929917302363278	-1.8016060786034447	-6.544889691260578	0.06968932181210216	-0.04163511983536604	0.6252262628616787	-0.04408446988137332	0.0402618108462436	-0.9982161983670071	-2.3074555263296617	2.5287245927309794
950.0	600.0	-0.01588350992430264	-0.036028250993164965	0.6225823114533022	0.18262950039478662	0.061643966947585546	-0.9812473929969677	-3.5341798544884258	-10.543238461332182	0.04769656687852379	-0.0417453983614688	0.6293774334782102	0.121095160957215	0.07119072745398429	-0.9900847735972267	-4.082381521231937	-6.97309178793957
950.0	600.0	-0.05336545737818758	-0.03415713321495113	0.6157822824018011	0.24243033694117413	0.09118932595147014	-0.9658737419404076	-5.232031825346967	-14.089934534878143	0.009619709672799369	-0.04100812741722748	0.6261369061814099	0.18506723489131083	0.10627644616562808	-0.9769623796476816	-6.100713063372701	-10.726513942853103
950.0	600.0	-0.08555833273011992	-0.030684346131138032	0.6240270731305517	0.3030019239722296	-0.019739011700271716	-0.9527854914756553	1.1310355175890634	-17.64154532040094	-0.023019348082871875	-0.03824976145802114	0.6363933787163213	0.1566653726249487	0.02817372508726982	-0.987249816644406	-1.6144491692511695	-9.01700440208983
950.0	600.0	-0.0953834962490745	-0.029208450947814744	0.6283703643285661	0.2760830907449388	0.009234708125488746	-0.9610894357965437	-0.5291173213136318	-16.02727104599281	-0.03276353688342866	-0.036478342678170184	0.640501934173041	0.13012072034427746	0.011355627742313606	-0.9914330772469602	-0.6506435273114983	-7.47705357178293
950.0	600.0	-0.08286282302807221	-0.029933943717813907	0.6270547486201439	0.266881294612678	-0.03563547552876444	-0.9630702806166432	2.0421947304865533	-15.488854909690868	-0.020170754509788055	-0.03582069316543794	0.6395582021213675	0.08848106785468574	0.029819972658034988	-0.9956313986391819	-1.7088118970235944	-5.078494432956144
950.0	600.0	-0.06689149189892846	-0.032055439137193206	0.6240525186814458	0.21919734760248255	-0.008546073477688827	-0.9756430948767117	0.48965990221911465	-12.662364079370448	-0.00416135702178237	-0.03745780550134092	0.6365836894001051	0.09663129847990741	0.05247812277863352	-0.9939358049058264	-3.0081567514414873	-5.552893985076334
950.0	600.0	-0.04589495771360917	-0.03399820612075782	0.6323460211562282	0.12194963452865254	0.24305494444309866	-0.9623161998624867	-14.066916078277325	-7.222316963076009	0.016779809956271655	-0.038262242238786534	0.6455739127920184	0.06761093681778113	0.20163714141117334	-0.9771239429177243	-11.632710953392445	-3.9582048063912545
950.0	600.0	0.0004674842936167947	-0.04490272174492715	0.64605461310832	0.057699523635332664	0.05321562921246135	-0.9969146413566494	-3.0504718884397377	-3.312475266798837	0.06382630650947532	-0.04714715848963288	0.6561495511832092	-0.024792898619152515	0.08542593636611011	-0.9960359778989921	-4.900518314452804	1.4258874292260808
950.0	600.0	0.012104370368187282	-0.04486263384318487	0.6448312668149685	0.03770536089640948	0.03418323242116401	-0.998704060964254	-1.958936574964226	-2.1621344675629004	0.07570460677954846	-0.04649905347859945	0.6534113415706684	-0.025064895773043203	0.04046607436553613	-0.9988665180546294	-2.3191685094800816	1.437440740282682
950.0	600.0	0.03081424248237503	-0.044656910481229835	0.6454165437231933	-0.006318368034377714	0.012277248333550185	-0.9999046678592179	-0.7034521862894834	0.36204551811328844	0.09473179925968289	-0.04605207174144239	0.6512376333372802	-0.1595979938045053	0.01742057658844734	-0.9870283844463914	-0.9981760067025238	9.184968871459688
950.0	600.0	0.06756957869355315	-0.030925803850214026	0.6678349893031787	-0.10166485546050372	0.03591567257448454	-0.9941701752347877	-2.0582591223235522	5.838828436281115	0.1315827758569511	-0.032966369718559284	0.6722431979500649	-0.28693280735203364	0.03111677721557325	-0.9574451865785447	-1.7831478421028082	16.68273133228487
950.0	600.0	0.12005177300813694	-0.02281851942723697	0.6691161654416442	-0.18039340949948163	0.03189313042668442	-0.9830773190804565	-1.8276516975361443	10.398024224248845	0.18422183351887345	-0.024625812553947468	0.6686443082384974	-0.3002370969190915	0.03289972512196891	-0.9532970689772414	-1.8853556166054162	17.48161249807072
950.0	600.0	-0.09042934518900062	-0.018268741843791358	0.6278981482436548	0.27886317703369623	-0.04717024375927284	-0.9591717047593665	2.7036591401157164	-16.2109082684776	-0.02745116605251667	-0.02407484778092611	0.6389128525119183	0.16701654172431488	0.02080154418856303	-0.9857346028168992	-1.1919266585203212	-9.616500398700532
950.0	600.0	-0.008821688537951613	0.011340679444983019	0.64654040601009	0.1276409035051414	-0.0471032479382627	-0.9907012930440204	2.6998162907908636	-7.341484122597516	0.05481394887991044	0.0059446691946601835	0.6530729665661359	-0.05600687048601869	-0.02398462042958621	-0.9981423099668185	1.3743493138150493	3.211561982895102
950.0	600.0	0.003396020016277283	-0.06680522876919828	0.7213254196521328	0.0394420993042145	0.09092708613915805	-0.9950761721447292	-5.216943909174055	-2.2698598373204084	0.06692910798348978	-0.0729718645440153	0.7281668347242347	-0.038088894001872285	0.08121270615691265	-0.9959687226528185	-4.658275519416447	2.1900987904745315
950.0	600.0	0.024793229943067985	-0.010233308891663623	0.6868008559082059	-0.03686399463891663	0.0037876674292979303	-0.9993131164867379	-0.21701787680514625	2.1126451434693805	0.08855977096530278	-0.014649469613756952	0.6927683842201529	-0.12659621985416478	-0.0002251428010351282	-0.9919542802652621	0.012899732396046163	7.272945191435372
950.0	600.0	-0.0671933540027411	-0.0033642615615331398	0.6672313423349733	0.20949289953945965	-0.06872413450781567	-0.9753920654323813	3.9407090183031177	-12.12172994368536	-0.003926826804107842	-0.012103778683201326	0.6737315731248965	0.1415457091391054	0.014663823720474188	-0.989823132961655	-0.8402053237817504	-8.138180391549938
950.0	600.0	0.03230311690646355	-0.01407809606403583	0.6668885722839502	-0.004400348531096922	-0.013969843671343112	-0.9998927560788543	0.8004391194190422	0.25214681281998313	0.09620978274065174	-0.01677531889449617	0.6723611105047256	-0.14927276791714658	0.01478470697252643	-0.9886854843816064	-0.8471321748675605	8.585730549023891
950.0	600.0	0.014975886377377432	-0.05323761451745927	0.6389105072612052	-0.09978345850376287	0.07678420670690121	-0.9920419844910191	-4.403745505882205	5.743715372319087	0.07873844220831913	-0.05710704759870937	0.645286209979602	-0.08781084657179579	0.05997569797406416	-0.9943300318569364	-3.4384178519021873	5.046787585076952
950.0	600.0	0.016446851545806405	-0.05236232790372722	0.6372433149346587	-0.09366755199949489	0.08360442981361818	-0.992087023596	-4.79577892431991	5.393572725669185	0.08015558324673032	-0.05665001642411852	0.6438840118731882	-0.10252871103824703	0.04480391628110614	-0.9937204894556229	-2.567934939259873	5.890740167665215
950.0	600.0	-0.007311893540803575	-0.05506130846727943	0.6456763520518731	0.039010006952230496	0.09235970649978585	-0.9949612339465377	-5.299373891184472	-2.2452779482272267	0.05500997206331664	-0.05906019465434495	0.6605518218092448	-0.13257997986750292	0.08703711528459235	-0.9873434537762859	-4.993177219682084	7.64790087555187
950.0	600.0	-0.011648656076337317	-0.05449619387158604	0.6287196014398173	0.03534743906900841	0.08096559165131961	-0.9960899166760803	-4.644070120679967	-2.0323562834716347	0.05110629791057039	-0.06042841142269824	0.640881433894056	-0.03653198170285238	0.0757564313740224	-0.9964569317101956	-4.344686285308702	2.099630471960864
950.0	600.0	-0.009387312204303016	-0.05087169290233369	0.6392841848480235	0.07843877094666363	0.04815347650490802	-0.9957553390408603	-2.7600583251177393	-4.504067385796052	0.05327491811303749	-0.05537907975064059	0.6524907733202172	-0.065585013790681	0.07448531418365575	-0.9950630770694894	-4.271650262012153	3.770933997431511
950.0	600.0	0.006577407182096871	-0.04293586318083932	0.7126327545152706	0.08062210909809435	0.05917476888268532	-0.9949866453095101	-3.3924463402784046	-4.632460903251358	0.07056250002119781	-0.04763028054991895	0.7149034292066602	-0.08877336861576587	0.05730191569987907	-0.9944022412059934	-3.2849573010020228	5.101448102087197
950.0	600.0	0.012031172225603548	-0.04201455447940357	0.697762819977687	0.0531594144682746	0.04518248601941453	-0.9975633567761909	-2.5896473759805607	-3.05036453454945	0.07593712482120242	-0.04577433719522201	0.7025772649505269	-0.07030003737096294	0.0509324375428392	-0.9962247784551574	-2.919476882754108	4.03646810743421
950.0	600.0	-0.0032746784068234704	-0.03808884382802526	0.6902390812579045	0.12085361168567928	0.01169275938207201	-0.9926014754377546	-0.6699610302942666	-6.9418463627592	0.06052058239864185	-0.04409637733150078	0.6941582474428065	-0.04582907885531826	-0.026841141139440375	-0.9985886404121522	1.5380688251261976	2.6276801897136655
950.0	600.0	-0.006587662993401836	-0.041865681483172885	0.70369782238931	0.12202533037332104	0.02785160303707191	-0.9921361488877471	-1.595985689552414	-7.01173821529735	0.05716351844725158	-0.0492000881141825	0.705508614456194	-0.040092710959234536	0.05340072867488366	-0.9977680109675598	-3.0610924076718278	2.3010438866428555
950.0	375.0	0.02955840425071023	-0.02218846532145207	0.70734896727938	0.040822121210701535	-0.006100910339207774	-0.99914783962714	0.34955858214009844	-2.3396288438263144	0.09358521937599117	-0.02518263281694686	0.710938887827194	-0.0822761275318008	-0.03198397851643791	-0.99609627298915	1.8328595665341159	4.721830643180717
950.0	375.0	0.03526505351913852	-0.03244426952561547	0.6793198786882312	-0.04047609529078981	-0.03305300683025455	-0.9986336767049617	1.8941427906403636	2.3210119897273525	0.09909574950590666	-0.03833109361525812	0.6828231879237948	-0.0855413355810647	-0.04106784893135068	-0.9954878406269804	2.3536763398281475	4.911308209183231
950.0	375.0	0.03246826190891402	-0.02743838447778017	0.6375085874639581	0.0333686989324469	-0.012849920199622791	-0.9993604992709922	0.7362664575743423	-1.9123985542564614	0.0963434317216991	-0.03200919523388429	0.6420203492082608	-0.14906530402897128	-0.05743709092720651	-0.9871578092129648	3.2927150479310034	8.587046299811504
