1620.0	150.0	0.026752884940772846	-0.07035201608952962	0.7292188550798	-0.14261864994421375	0.0745895901580517	-0.9869631779737386	-4.2776415015931315	8.222467766210658	0.09067249461100699	-0.07503209143865328	0.7255220973180532	-0.22818634048813924	-0.032613269339449705	-0.9730711333655949	1.8689340967812866	13.197464289243154
1620.0	150.0	0.0960843421800787	-0.06812426844600947	0.6948302222753213	-0.3086959402989761	0.03963348760952402	-0.950334646379589	-2.27142649679434	17.995282540872	0.15953874028429127	-0.07128704694981813	0.6856203462183079	-0.35841381640580483	0.03888669816987831	-0.9327525577991111	-2.2286055988906006	21.019466757146333
1620.0	150.0	0.00023996207426816435	-0.07426746686160599	0.6608174950517807	-0.11037582572427969	-0.00025794880536612885	-0.9938898796362461	0.014779378041818064	6.336980989408201	0.06420716381296829	-0.07729896934454616	0.656312751104122	-0.24002607806308207	0.011145551561261055	-0.9707025000360345	-0.6386062869032367	13.888958909081937
1620.0	150.0	-0.04118552180558414	-0.047784592656883916	0.7046839578227777	-0.05862833954892378	-0.006912339272832552	-0.9982559373437853	0.39605102085349025	3.361164220833966	0.022977994988037407	-0.04983373377785137	0.704323739890677	-0.1448738743366002	-0.055219824249820845	-0.9879080619948759	3.165472975653236	8.342795349381877
1620.0	150.0	-0.08306430300520412	-0.04086375396571807	0.6791933518940729	0.03292969629934711	-0.022952530267149614	-0.9991940977531494	1.3151986092205716	-1.8875711918493512	-0.018957974143575446	-0.04427862561240864	0.6792469722161898	-0.06468314175649537	-0.07674538011963097	-0.9949503119692202	4.4015143225892395	3.7196460620828775
1620.0	150.0	-0.1027101820730503	-0.0485398118721073	0.6653231157525091	0.09096022261892986	-0.026483292247390475	-0.9955023585072977	1.5175583023058945	-5.220686405460921	-0.038658169070487025	-0.049871703329099876	0.6694281515725546	-0.07850773697480076	-0.0794067671664873	-0.9937459933140447	4.554467518420906	4.517088672769575
1620.0	150.0	-0.12903825796552876	-0.045628809309703505	0.6762427478593375	0.1108519624543101	0.03564009382408481	-0.9931976608309397	-2.042459507510631	-6.368492589139131	-0.06498629736018433	-0.047859890151289844	0.6799379128769398	0.021027840982977622	-0.10785513499987757	-0.9939441683064552	6.191688211350705	-1.2119663059012762
1620.0	150.0	-0.05670958368768872	-0.07845918415498507	0.7149092367533376	-0.032311607562293135	0.05570845551568928	-0.9979241050012936	-3.1935126472393423	1.8545219752758364	0.007454375807285576	-0.07812493086529679	0.7169488936566499	-0.14434585167250855	-0.04699616863327216	-0.9884106749108991	2.6936742965826714	8.308645901503462
1620.0	150.0	-0.04425847554229943	-0.015538279261025132	0.6633772387012214	-0.05604342459910139	-0.03352584723591497	-0.997865309072993	1.9212495743633824	3.2145439060351895	0.019793782093452523	-0.01963435584803855	0.6620296215544861	-0.142970527813022	-0.12803175653812687	-0.9814109008183891	7.355869820963974	8.288461645691822
1620.0	150.0	0.011324737861678683	-0.02164231982476636	0.7079538935202307	-0.0349322258842368	0.06588781331350543	-0.9972154059082147	-3.7778303825141886	2.006237614368903	0.0754509052305088	-0.024647127213839035	0.708256242254248	-0.17365391634255026	0.05041276460455385	-0.9835155007925143	-2.8896635156449175	10.013197603763675
1620.0	150.0	0.04363825690858755	-0.0284446489502749	0.6978190983837613	-0.21169349638631021	-0.02635283851807385	-0.9769807869200842	1.5100812445612843	12.225925153809	0.10779670052690848	-0.0303417927152988	0.6966441168404314	-0.3361903462817616	-0.08489147119585037	-0.9379602691154343	4.869784070300241	19.719053689282774
1620.0	150.0	0.03711579118691704	-0.052860202822802786	0.6832896025023637	-0.21576034014918105	0.009919450416884065	-0.9763959861564302	-0.5683519647822338	12.46076124638994	0.10114304496685532	-0.055073890555871446	0.6791791300675407	-0.3259744676419536	-0.0443167127456119	-0.9443392358761422	2.539992477270703	19.044054016469303
1620.0	150.0	-0.05404626616017534	-0.026444108280675466	0.6866920678219643	0.0063801444016234055	-0.027313038333794365	-0.9996065684579829	1.5651164600372693	-0.3656942586410013	0.010055765075197027	-0.029700958031378115	0.6879601943212907	-0.13492735233337694	-0.08046456755654491	-0.9875829638988322	4.6152695843512115	7.779800517788017
1620.0	150.0	-0.11110026371999521	-0.025508712625810222	0.6722843375380515	0.13652441364146947	0.016773183175675204	-0.9904946543074505	-0.9610776734386647	-7.847889915410381	-0.04698607337923127	-0.028693173166685803	0.6730022732103074	-0.022490480420425382	-0.103299817620507	-0.9943959549670957	5.929220604848447	1.295650835657435
1620.0	150.0	-0.09840879331999139	-0.03546209028075544	0.6552433326989777	0.01996189566246931	0.024635137008516685	-0.9994971864170004	-1.4116321871114912	-1.144155635910578	-0.03430114618240196	-0.03854475426299207	0.6566548513395001	-0.03648753356803227	-0.08290182383240985	-0.9958895721286806	4.755382326570789	2.0982717931739012
1620.0	150.0	-0.06134487803643078	-0.05349827583543393	0.6628764895184551	0.01635121231332584	0.03321879340476439	-0.9993143408419263	-1.903646880791543	-0.9374146079733443	0.0027976800500674782	-0.05614718635520258	0.6629102355708978	-0.17083258851346875	-0.08028953843517406	-0.9820233428464161	4.605208602391822	9.868407463461615
1620.0	150.0	-0.01694354755074584	-0.049260661075411716	0.6497746353691428	-0.10076798682674518	-0.0007782966440022521	-0.9949096683436098	0.04459311741254034	5.783397915412855	0.04721418796677408	-0.051439926881851734	0.6492077161275891	-0.2567112150115948	-0.06264735085521295	-0.9644556069642662	3.591780857603817	14.904960867061803
1620.0	150.0	0.029611766652132557	-0.05012787540718934	0.7429557219092718	-0.16474340124782905	0.0257306864091632	-0.9860008008083372	-1.474422460459064	9.485497822191167	0.09353669005203691	-0.054859887577434596	0.739420491682736	-0.24983971613751343	-0.049868265823181254	-0.9670022073996817	2.858426742686013	14.48644500391796
1620.0	150.0	0.01707144380442375	-0.04808667043737383	0.7480017363137432	-0.15639368956888297	0.03427792159948653	-0.9870998159540993	-1.9643650465399038	9.00296921245961	0.08099342614979643	-0.05339059074973493	0.7453307391262521	-0.26870496470980265	-0.05452496134667145	-0.9616780253209873	3.125600189827744	15.611033329680822
1620.0	150.0	0.023726422213328702	-0.0007928668573088538	0.7482420950965936	-0.18770740323103965	-0.016170747324629885	-0.9820919184066466	0.9265559575928333	10.820452359360969	0.08765001835872707	-0.006046359039494411	0.745510740240606	-0.2525826871733313	-0.07433624125863386	-0.9647155225847421	4.263085267614151	14.67189659002079
1620.0	150.0	0.02298960413771848	-0.002196291398457087	0.742401469357864	-0.1644188338881858	-0.024915220947656393	-0.9860758820224811	1.4276847421477465	9.466440893175674	0.08693207247040222	-0.006652082554627696	0.7388248379379478	-0.2977951349584823	-0.09283891198034067	-0.9501047011053384	5.326948819966871	17.402765859537837
1620.0	150.0	0.024038269902567896	-0.003559221951407482	0.7456788342885633	-0.18387710350389433	-0.06127970687876002	-0.9810371703517516	3.5132697578685197	10.615854458650814	0.08805935450707691	-0.008021935616875345	0.7440446566911325	-0.26760075374986547	-0.08403550892360499	-0.9598582238729564	4.820565163051244	15.578042646606544
1620.0	150.0	0.023464455869325617	-0.003204095386871395	0.7432643119145689	-0.16661768496764914	-0.043229390244219776	-0.9850734326064619	2.4776337130420036	9.600281889755404	0.08734152200355738	-0.008234408684096814	0.7393017377723807	-0.2787583372695792	-0.06282737157459277	-0.9583040345310211	3.6021156438538857	16.219035085885395
1620.0	150.0	0.02424968218618594	-0.0029439265188205416	0.7517941628889205	0.014860789766576163	-0.02117513333514722	-0.9996653028011452	1.213336456154496	-0.8516828763456286	0.08803988819818061	-0.00848259419403738	0.7471661610578504	-0.08330230299858274	-0.03229079117622724	-0.9960010806104549	1.850447722081533	4.780906407608206
1620.0	150.0	0.02407732878214181	-0.0031365949319108327	0.7497853546018276	-0.14696931789697076	-0.028664331914425627	-0.988725655996508	1.6425702282867811	8.454834073215496	0.08800965821445841	-0.008224305705823779	0.7469466795488576	-0.2669326504296374	-0.07220728901468565	-0.9610062441104079	4.1407765011671405	15.523362194910376
1620.0	150.0	0.022231477468904155	-0.013519376532633937	0.7617989274781124	-0.0951472075232123	-0.015574999749323575	-0.995341412872712	0.8924178345785743	5.460456640945868	0.08605374755406056	-0.019949203605038268	0.7592180771116779	-0.2420954384858	-0.03696479903800193	-0.9695480482469718	2.118409593524905	14.020025245931222
1620.0	150.0	0.029743620778343895	-0.030886116866802454	0.7631779877688436	-0.16068700077605505	-0.012716884089974782	-0.9869234430460958	0.7286434270774225	9.247529184862728	0.0935542319286857	-0.037486906603096844	0.7607446560827175	-0.24211395005519007	-0.06534535878019479	-0.9680448596088602	3.74668290115233	14.041966239831847
1620.0	150.0	0.029090611208730882	-0.022458914856005013	0.7612665213815839	-0.14511414694639235	0.022064965799732585	-0.9891688849547801	-1.2643320222678072	8.345935380419046	0.09290365174444809	-0.028699133599662325	0.7580663415060422	-0.25498535250514115	-0.057702161249295905	-0.9652216784088029	3.3079276889661213	14.797935019199894
1620.0	150.0	0.02710938137105734	-0.01514800311458959	0.7739423005421295	-0.14436500584669446	-0.016211490729942744	-0.9893916430249949	0.9288906888080921	8.301608930061873	0.09094898065786013	-0.021401163422538755	0.7713559570457744	-0.282268315600008	-0.0495066437975926	-0.9580572329010797	2.8376817027766443	16.416330118953592
1620.0	150.0	0.07325756577548034	-0.012500286007150661	0.7582342122396768	-0.20508629854384383	-0.03539293480733364	-0.9781037350103485	2.0282893988767894	11.842077884273598	0.13708666576576195	-0.017429244342445638	0.7534554061359352	-0.3318613225988571	-0.02895848772065836	-0.9428836295944287	1.6594311141052245	19.390245607678242
1620.0	150.0	0.07918633670371406	-0.01061544006804394	0.7335280703994542	-0.23485493222004833	-0.031450890546755005	-0.9715215305314273	1.8023005003873358	13.589922949902192	0.14309931907911497	-0.015681169912695997	0.7302486362043085	-0.35336534489445204	-0.04641723201749448	-0.9343331270374325	2.660467430998281	20.716647841669264
1620.0	150.0	0.09540941866683694	-0.011885612811423616	0.7565024016255728	-0.2586918772477885	-0.025763977135556525	-0.9656162692946141	1.4763305111306004	14.997551771259728	0.1593622587565129	-0.014864643805663394	0.7517647606073763	-0.41231965744855337	-0.024966727036400807	-0.9106970459244833	1.4306367419441433	24.358722201890764
1620.0	150.0	0.11079875290369655	-0.012023299663529654	0.7440056886806972	-0.3270121753024346	-0.010077802770818298	-0.9449664118389307	0.5774253399035969	19.088533124427485	0.17479758188301256	-0.013361518688902585	0.7391431088372407	-0.45780256636895056	-0.015358302641635721	-0.8889212158094608	0.8800005195439367	27.248882119446904
1620.0	150.0	0.11893571859874802	-0.01317968681121431	0.7458990912796108	-0.37143054747377047	-0.008441223703920177	-0.928422378853977	0.4836522359898805	21.804686370889847	0.18298329421920273	-0.013879703994406052	0.7415743188343864	-0.4148011548394897	-0.03213635523369488	-0.909344374487689	1.8415945996623073	24.520294258927468
1620.0	150.0	0.10332224046603475	-0.017834587287876787	0.752599067203906	-0.3314496409131278	-0.0003906868733462611	-0.9434728379394355	0.022384709523355875	19.356787832615673	0.16739424038265496	-0.019791555462779713	0.7491012499038409	-0.3375388122490319	0.08457639403491649	-0.9375043294860843	-4.851666320246195	19.80089187776698
1620.0	150.0	0.04438942387801206	-0.022063321784551844	0.7427399558338399	-0.23708860986942804	0.0018745156326438542	-0.9714861891995595	-0.10740189728014056	13.714796220595643	0.10854843540916928	-0.02402453312394292	0.7417101436933604	-0.29318359185344867	0.06794217251671772	-0.9536389332431106	-3.8958009252589236	17.08934857055579
1620.0	150.0	0.004012163702440216	-0.021256313411288898	0.7341931914267706	-0.09902477498227007	-0.028649921303481676	-0.9946725184829593	1.6417442218588139	5.685356539518018	0.06814587586474781	-0.023640939928496352	0.7357635876421605	-0.21493572634364294	-0.08752475375449825	-0.9726983393553242	5.021223879643436	12.460338819879137
1620.0	150.0	-0.02253636886463633	-0.027437551023161283	0.7202062295683214	-0.03193428214259926	-0.03648420926557521	-0.9988238388148493	2.090855240222577	1.831230352141983	0.0414866879438025	-0.03204528765399285	0.7212562694065687	-0.19702540505720523	-0.025699786334470294	-0.9800614420827463	1.4726514309282703	11.366871360428249
1620.0	150.0	-0.042222686984628104	-0.030302726084021157	0.7014165562757038	0.00621621860284681	0.009411858401959523	-0.9999364637757931	-0.5392677256727458	-0.35618113285783193	0.021624282383252084	-0.03539381475961575	0.7057675265412653	-0.13572726001029756	-0.026550601309433673	-0.9903904363361303	1.5214161840550113	7.803443816423964
1620.0	150.0	-0.06162973067264374	-0.02627301414277869	0.7157657291200183	0.001978340660586081	-0.06676983711962177	-0.9977665134146256	3.828478161294682	-0.11360415510638636	0.002196892902735709	-0.030410142986080534	0.7212731705875544	-0.12550681070934397	-0.10795133540264992	-0.9862020678791993	6.197232459056699	7.252633411940067
1620.0	150.0	-0.08316061823205399	-0.02731541694454829	0.7249762065783505	0.07973074196372733	0.05299864640623802	-0.9954065318629871	-3.0380221205311155	-4.579538790567798	-0.01952567260214742	-0.033703351560925604	0.7305505773619746	0.049667497238518876	-0.016641747294331995	-0.9986271668482307	0.9535459008751045	-2.84730386951749
1620.0	150.0	-0.10023409348726027	-0.022372352735230347	0.7033647538223468	0.10306128487728207	-0.09108255849945078	-0.9904960104869746	5.225888937083661	-5.940260233624841	-0.03644036195578084	-0.027328130430059022	0.7085691469999003	-0.036047472839293396	-0.10622591541171135	-0.9936884222753829	6.097801382347597	2.077575555955775
1620.0	150.0	-0.1105374850873598	-0.02068532799425344	0.727940401466753	0.13993136519501304	-0.06726333169127888	-0.9878738409732176	3.85681702744732	-8.06225518882608	-0.0469293821650201	-0.02561209052585159	0.7350833614411529	-0.039847650696459735	-0.08899942815076323	-0.9952342469146211	5.1060475491203565	2.292810351094485
1620.0	150.0	-0.010028413992171517	-0.01599303590045696	0.7094623011274752	-0.08522430961085634	-0.009650013534703388	-0.996315059970512	0.5529136294830389	4.889151862742162	0.05395076408977955	-0.021277605182202633	0.7093082781356128	-0.24601772430421837	-0.09059614778651527	-0.9650221264673865	5.197903953579854	14.302044272420327
1620.0	150.0	0.009405672655650605	-0.011922032035750794	0.7591599453437016	-0.15758411210980486	-0.006161024753065791	-0.987486370574551	0.3530029490779389	9.066870504129113	0.07326744216786635	-0.018476415567540722	0.759151290609056	-0.22699362686469415	-0.06776159965477828	-0.9715360109884399	3.8854309638016136	13.15090572045468
1620.0	150.0	0.020375324893715206	-0.0032511933032384277	0.7664413675781636	-0.14304902177890008	-0.01935961287557175	-0.9895262368962396	1.1092934110024943	8.225871004589285	0.08433607018806732	-0.0087076349519413	0.7671734396667681	-0.278712631586764	-0.09621188606102152	-0.9555430710715833	5.521075305130957	16.260899285662127
1620.0	150.0	0.018782547350868106	0.0046543818726788285	0.7819589047893087	-0.11079414809208508	-0.05804116909997163	-0.992147158278773	3.3273840163323207	6.37188257684618	0.08268986783636184	-0.0014390538357580852	0.7818586388971072	-0.15891748077637954	-0.13232508064455825	-0.9783840709132935	7.603970566776076	9.225896297409781
1620.0	150.0	0.03161078492209954	-0.02399739412166363	0.7817493536709654	-0.23031055488088326	0.013929859269350857	-0.9730174817054938	-0.7981479589995069	13.316671838627604	0.0956390447267681	-0.028505216197559746	0.7829100044089257	-0.2893694513505127	-0.04408725377436898	-0.9562016830800257	2.5268325843320536	16.83706785686536
1620.0	150.0	0.03097693631735079	-0.01647432632925523	0.7767683330025132	-0.22632058122349874	0.03784326458332699	-0.9733174311584234	-2.168777209377828	13.090088676492776	0.09493218569895799	-0.02188929127766378	0.7780682771403661	-0.19278207180775891	0.034299157081693885	-0.980641975756733	-1.965582465919183	11.12181452035468
1620.0	150.0	0.019983966606938706	-0.0045507679544505575	0.7587764483024055	-0.222828365303009	-0.03880214552578694	-0.9740851958909332	2.2237574301807617	12.885081003305459	0.08390974173360236	-0.010030769098453138	0.7609560091605976	-0.2544052372098773	-0.09839416178682614	-0.9620792441767655	5.646706665359052	14.811853102533048
1620.0	150.0	0.015473203745478063	0.0034697218476748308	0.7689178964229122	-0.1484110843580983	-0.03380619524655106	-0.9883477262466437	1.9373214427384928	8.539775773431094	0.07929094372334292	-0.003038217017406879	0.7714135765834274	-0.2659605927738011	-0.07973706672959492	-0.9606804595585192	4.573452488363601	15.474539226401454
1620.0	150.0	0.012441385486966253	0.01714909604939068	0.7485328559292355	-0.12055478074797946	-0.07466217031789829	-0.9898950031158755	4.281811666511613	6.943596994540672	0.07633751457843091	0.010945224032602225	0.7488197056177375	-0.30644316940749355	-0.1298872456292407	-0.9429856797774604	7.4630767236377915	18.002668099092574
1620.0	150.0	0.012636413738131215	0.019247481367453724	0.7565027958951114	-0.1289506209792578	-0.05855699324229753	-0.9899206455993838	3.3569889161250184	7.4217634503242955	0.07654364302262022	0.013153257344467496	0.7566128065991785	-0.2977313306515695	-0.10908033990397964	-0.9483973400736574	6.262303920815483	17.42869021913704
1620.0	150.0	0.013198687226827504	0.017183436896703375	0.7636864205292679	-0.1454146692518006	-0.03574302112584155	-0.988724931283425	2.0483605673408762	8.36667706403359	0.07712815518391139	0.011412142542702586	0.76468687633602	-0.3221769818700663	-0.10013940479931246	-0.941368173864868	5.74719807903272	18.89316906895601
1620.0	150.0	0.015084029610090663	0.010208682462917066	0.7581740277344993	-0.21454400131164875	-0.03880100950979862	-0.9759433777736762	2.223692292206058	12.398260223801039	0.07907159926849099	0.0050445006296164436	0.7586298553571538	-0.25250670691095645	-0.0939604704031286	-0.9630222066712122	5.391491523419831	14.692349205477104
1620.0	150.0	0.025424706014531208	-0.0115724769239664	0.7973640236034504	-0.20711865345991531	-0.026437660950060966	-0.977958521202747	1.5149429058008061	11.95779287416242	0.08939070781945521	-0.017003743315636685	0.797734944205159	-0.2539394804254914	-0.04380354525692212	-0.9662277163000145	2.5105615647413897	14.725206336201452
1620.0	150.0	0.02625524477412194	-0.03178663787746594	0.7934042125365657	-0.1873486966182918	0.014456241748113018	-0.9821870633781888	-0.8283104919544736	10.799239778799967	0.0901750504131706	-0.03774546179437381	0.7932131936601925	-0.26313118593755963	-0.049496229979445104	-0.9634895811624095	2.8370843025668195	15.275114763121781
1620.0	150.0	0.026092717463404365	-0.032914842311205575	0.7715237325027353	-0.18636372166627593	0.0074569304409304454	-0.9824525114439093	-0.42725460209014665	10.740953022703678	0.09007442963012295	-0.038151570642757746	0.7710733901726186	-0.24999477371514192	-0.013906801211655495	-0.9681472996252128	0.7968267016266315	14.47863379644239
1620.0	150.0	0.028277056737593592	-0.03486122636288197	0.7801020810557722	-0.19402524320810227	0.006487973500935114	-0.9809751239622594	-0.3717361071916379	11.188024691355624	0.09225575638210011	-0.040101839712838136	0.7793620897504966	-0.23426999695988968	-0.06509747492277948	-0.9699896291614067	3.732449897602287	13.577945312442324
1620.0	150.0	0.033617766584982625	-0.03694521316383934	0.770291520602849	-0.22253016554058844	0.000616296719266822	-0.9749256420587841	-0.03531120317707462	12.857687469603883	0.09762954347302824	-0.04182094212730808	0.7703643925965262	-0.261686492050192	-0.032404022667023816	-0.964608827241424	1.856938805492378	15.178318495423216
1620.0	150.0	0.05724500625278266	-0.036950190531867794	0.7618697807968047	-0.23678721109989082	0.009720231842776372	-0.9715129311547662	-0.55693703088617	13.697655636906102	0.12112914228468447	-0.042519463433269726	0.7588554837933932	-0.30753379524102215	-0.0018984719312245407	-0.9515352644673197	0.10877449452404402	17.91070160766551
1620.0	150.0	0.04610824781419537	-0.03945193347812047	0.762617065937947	-0.2271282161520142	0.0005782959377492181	-0.9738647107525847	-0.03313391838939891	13.128058554364964	0.11013102592176849	-0.04413546650802777	0.7619582599241425	-0.2749257795767255	0.0471185144237541	-0.9603101972305088	-2.700691968271993	15.975809071415409
1620.0	150.0	0.03537808453005574	-0.03852538482577723	0.761056404789524	-0.18463280963094886	-0.03719874827221649	-0.982103357429705	2.131823122658749	10.647179989545883	0.09942223174359692	-0.04290843252699959	0.7604070018663139	-0.27710104738685826	-0.0008166772316786433	-0.9608404784564714	0.04679216380104517	16.087266912300873
1620.0	150.0	0.014218918887595643	-0.03558232778824746	0.771141482052614	-0.13680826375031646	0.030966175262599177	-0.9901134595132112	-1.7745148255284497	7.866992396406409	0.0782399292119359	-0.0403279109949794	0.7714158917760264	-0.2516254465376354	-0.016697971847403598	-0.9676806365460379	0.9567677781570696	14.575795752778504
1620.0	150.0	-0.004213404075843733	-0.02440581907174547	0.7614659475496097	-0.10019686935833184	-0.044565590756130924	-0.993969016257727	2.554266239344734	5.756245807670865	0.059735854658279144	-0.030042995319427657	0.7614791735231516	-0.23747467103236702	-0.059010871967138584	-0.9695996318265333	3.3830392998570358	13.761994850306557
1620.0	150.0	-0.008702225001365612	0.003312961679930398	0.7707621574204296	-0.09348219690792337	-0.05366271374263642	-0.9941736931349165	3.076124600310638	5.371730218596024	0.055057860680082095	-0.003645980657146745	0.7680216795312138	-0.17890520423132034	-0.05113849332301925	-0.9825364019611453	2.9312984146533108	10.319647710472983
1620.0	150.0	-0.00808816083158526	0.005076648405550452	0.7813697887566216	-0.11465873960874699	-0.054907586539897774	-0.9918863602264216	3.1475558895689124	6.5939333899039	0.055821124523833136	-0.0009968796073337016	0.7813362260687833	-0.21760524331367925	-0.07959687229992139	-0.9727858957484571	4.565394326645703	12.609077865900966
1620.0	150.0	-0.012472174344335911	0.011198897856667034	0.7654319065404283	-0.0886646570986406	-0.07792014082407722	-0.9930090898235705	4.469025329497467	5.1023444922366075	0.05145536147756353	0.005738880155930919	0.7676099777203972	-0.18793684398228633	-0.11763309099135727	-0.9751113377015483	6.755521136870314	10.909064733938628
1620.0	150.0	-0.004710414747759035	-0.019175399438555774	0.7832070293933662	-0.11124568683723805	0.0089749072147479	-0.9937523604032577	-0.514231208548926	6.387387557648826	0.059161083052670226	-0.02550783038018068	0.7819351368205	-0.21727059499990503	-0.04968535962424114	-0.9748460899395884	2.847933982243782	12.564543382257963
1620.0	150.0	0.005251707387828354	-0.02924677424730046	0.7895515033865845	-0.1321013588217164	-0.0063679465340416505	-0.9912157610591624	0.3648589264773094	7.591193530522548	0.06901141017815647	-0.03655690502399872	0.7879552854396253	-0.2004793768687631	-0.039672395517058714	-0.9788943763399172	2.2736575103494383	11.574230383273266
1620.0	150.0	0.0315023048820153	-0.03258517263482681	0.7701062700519199	-0.2218467176498655	0.04053128744714196	-0.9742388259415685	-2.3229080117437975	12.828243400741249	0.09542162994770075	-0.03842286983935737	0.7688706333281814	-0.2539460279049149	-0.0356676400345777	-0.9665605253002839	2.0440387932253103	14.720719392798916
1620.0	150.0	0.04159487413394411	-0.03436297901253363	0.7622196250109297	-0.2122907525459776	0.002566983363164424	-0.9772032066776539	-0.14707747431539372	12.256670705016708	0.1055559079300198	-0.03979121605581852	0.7613218377550772	-0.26024217346241246	-0.03832599697056656	-0.9647824577741699	2.1964558184234355	15.095786568173521
1620.0	150.0	0.05141135421689495	-0.035586500016150296	0.7588736423250733	-0.25879065980507365	0.0006662210815320604	-0.965933223546332	-0.03817165901818038	14.998319363018773	0.11553538599846638	-0.038319725902708116	0.7574866859643073	-0.2973888942238713	-0.016912255485483293	-0.9546066554041021	0.969047060291061	17.30339379736444
1620.0	150.0	0.030555444646794414	-0.035164927423437714	0.7544687774053389	-0.19978990098046995	0.0009442855353308591	-0.9798383018212226	-0.054103583870182256	11.524678530639795	0.09458640356793263	-0.039639897882483364	0.7533301103566454	-0.2344869311553977	0.0008581026812124262	-0.972118878548347	-0.049165668056109606	13.561386347679635
1620.0	150.0	0.016564048324775135	-0.035296057173480166	0.7477155683941061	-0.19052442829474056	0.004314830704057936	-0.9816729553180092	-0.24722235578127397	10.983494509260872	0.08059799538947124	-0.039825457829440455	0.7470645871109007	-0.24376882998885774	-0.054346591879960264	-0.968309453027537	3.115365196485455	14.130402963994698
1620.0	150.0	-0.003182556583617612	-0.03447302841768511	0.7429296032878845	-0.12956546365153768	0.005100172813219346	-0.9915577743593749	-0.29221964385217586	7.444580071953917	0.06074879422505379	-0.04010446733621961	0.7413950339336337	-0.22534070950453247	-0.08010797246926529	-0.9709811044939075	4.59477202147354	13.065643821051664
1620.0	150.0	-0.015173042671655094	-0.03413306300263655	0.7458222390678519	-0.0716293503550951	0.007092206215299511	-0.9974060513038441	-0.4063568902055452	4.10768078846171	0.048748548347492315	-0.04007446479108903	0.7456974593153806	-0.1848487222997428	-0.07861797352165154	-0.9796173846436824	4.509131232713677	10.685773874477363
1620.0	150.0	-0.03300402632497231	-0.03248330418588678	0.7505669851054125	-0.05025241170733105	0.00602562438065022	-0.9987183565368796	-0.345244935164649	2.8805166942983984	0.030841986274982067	-0.03915384190796912	0.7512570758257844	-0.1628989539750917	-0.09581038211250574	-0.9819797065671044	5.49796405529911	9.418925498957641
1620.0	150.0	-0.04056385294394522	-0.014292708864482431	0.7524572131180682	-0.021595778684704782	-0.032389344330237956	-0.9992419718802454	1.856097357059306	1.2380928881782451	0.023248477437549882	-0.02128058275811453	0.7531218433515157	-0.1448215873564839	-0.10503400887747748	-0.9838671573280949	6.029125959922195	8.37359503250576
1620.0	150.0	-0.04137384853036419	-0.0031481850326492665	0.7362096374841961	-0.04032743017558371	-0.09498473051515904	-0.9946615651225962	5.450440961216829	2.3217210974301223	0.02228346269275598	-0.011198530846711489	0.7382649437227962	-0.14437408443918834	-0.10614926248489545	-0.9838132357885672	6.093384520723888	8.348536674766555
1620.0	150.0	-0.030375522799361065	0.007799245989559025	0.753371844095985	-0.04791238225996316	-0.10028508270894318	-0.9938044802883902	5.755587037752945	2.7601539604336875	0.03339417645045021	0.000624344284095104	0.7551695834328049	-0.1777516708448184	-0.10751762384600475	-0.9781842030448469	6.172237136933055	10.299176303240435
1620.0	150.0	-0.020314742649171935	0.012028025001660985	0.7707148396772374	-0.06638864202463977	-0.06343492701641296	-0.9957753752008551	3.636995584162956	3.8142820320636615	0.04342196587442203	0.004399040309377885	0.7698685520423665	-0.18090757392454376	-0.11006504575821152	-0.9773219281174734	6.319065184489578	10.48705758957521
1620.0	150.0	-0.0038933089435466556	-0.0018134284932099102	0.7890485478493434	-0.15866603880017796	-0.05005006675927706	-0.9860629052683915	2.868856192709462	9.141031322622213	0.05998546521340787	-0.007896211930914004	0.7871023768721703	-0.218526757053051	-0.08668016614443773	-0.9719735188171307	4.972647952982763	12.67099723042427
1620.0	150.0	0.002274599124976207	-0.0021194979151926176	0.8017029874684498	-0.1723382143384605	-0.061990498429968725	-0.9830852896623103	3.5540726913268914	9.943112788411405	0.06623087636835565	-0.007606792034753873	0.8025803859132925	-0.18236071009992755	-0.0910354059627273	-0.9790081932272988	5.223176024944897	10.551608079165913
1620.0	150.0	-0.003360235899704602	0.0017017751801655734	0.7999007538023187	-0.10416940025180213	-0.06215895650051325	-0.9926152565288882	3.5637432774869335	5.990941323474996	0.06051979935819743	-0.004671074124794583	0.8000169897823833	-0.18937796632765286	-0.07901735759868339	-0.9787196699611408	4.532085665007173	10.95114827993907
1620.0	150.0	0.012067342310472991	-0.052549574498723245	0.643830618490214	-0.16073212067113102	0.0045059524080834495	-0.9869877600196753	-0.25817292931530444	9.249488591392977	0.07590178872249062	-0.05636218409140453	0.6494797850643773	-0.26940296361991894	0.05838397582173077	-0.9612561548130452	-3.3470587590002543	15.656132017078876
1620.0	150.0	0.014120814787759997	-0.0459559576893772	0.6266006635762595	-0.15227281913323593	0.03963582307714031	-0.9875434112401267	-2.27156041445931	8.7656050682145	0.07755088991838172	-0.05118045793693492	0.6350039837358483	-0.26530153186762534	0.038214171038332086	-0.9634079066954753	-2.1900439673460528	15.396394857455004
1620.0	150.0	0.0037547053463144846	-0.044490424390927145	0.7022557603390462	-0.16439540190890112	0.020872974276566383	-0.9861736387999266	-1.1960201898785179	9.464194928845291	0.0677546171863453	-0.049520013996648016	0.7022440777063217	-0.23479447036149437	-0.013325463041378174	-0.9719537110013081	0.7635153894444853	13.580736531364238
1620.0	150.0	-0.003933062599488267	-0.04699407601662754	0.7029273571802555	-0.15766045024476782	0.05384866206294502	-0.9860240706141387	-3.0867940811005927	9.084418383913091	0.05996697704729603	-0.05161641424889353	0.7070144767067101	-0.26937118837642665	-0.038935168807299414	-0.9622490546783917	2.231384866632502	15.639013750728557
1620.0	150.0	-0.005627042200321451	-0.04708541001360248	0.7044831669980118	-0.10065738806224744	0.04916198655728286	-0.9937057567165953	-2.8179102221187544	5.784044992771881	0.058190350839736414	-0.0525640993069028	0.7087970901331465	-0.2623871313511356	-0.03053234183943357	-0.9644795080701297	1.749646241560064	15.219020734412846
1620.0	150.0	-0.007262212454137882	-0.04411938651179496	0.7062859201581961	-0.07049324961955765	0.03265287518930523	-0.9969776804715851	-1.8712045540689508	4.044478613399856	0.05641516379261535	-0.0518547520593699	0.7088630305152468	-0.2457730788051684	-0.02651505321425314	-0.9689646989372516	1.5193787109237684	14.232634034139885
1620.0	150.0	0.01835616098742438	-0.026429317346907438	0.6381912060060464	-0.103988585907314	-0.03991258405412967	-0.9937773505413502	2.287430208300124	5.973674890328575	0.08231862498456316	-0.031477766155106834	0.63604598162074	-0.30540988854874684	-0.048577479377022614	-0.9509810515546028	2.784380364324286	17.804548303592703
1620.0	150.0	0.015184701575589918	-0.031801712602759116	0.622573501084912	-0.09672492751740353	-0.04737040516639524	-0.9941832369306138	2.7151403784774413	5.556866004650209	0.07919384082452355	-0.035501912204694945	0.6193448420545934	-0.2914997268234153	-0.09249448953675744	-0.9520885568432684	5.307129588978255	17.02294912324449
1620.0	150.0	0.027750538814674902	-0.021895498785393826	0.7000386292964613	-0.1959761709678673	-0.024023298333634778	-0.9803143859970262	1.3765660331954448	11.305059640047638	0.09172209432682135	-0.025226874488296795	0.7042609088821912	-0.289051920952354	-0.08486144963999782	-0.9535447718395839	4.868057732334707	16.8638447198451
1620.0	150.0	0.025030096432190483	-0.02116661219988276	0.7140387526825343	-0.128630837083704	-0.049801580577687576	-0.9904412552898584	2.854601206212272	7.3997142768893	0.08893448922113023	-0.02625789662293855	0.7106338989679006	-0.2659428854471234	-0.07823682483637097	-0.960808691473451	4.48722554826437	15.47159212288561
1620.0	150.0	0.020707599897553993	-0.017841010593605485	0.6618668762422147	-0.117839004187142	-0.015398851633614794	-0.9929133398211569	0.8823240804260656	6.768207789117194	0.08482978787136651	-0.02092638903451237	0.6622001523215273	-0.2973972929985813	-0.0885046732738479	-0.950642797899221	5.077587873494944	17.3716715262759
1620.0	150.0	0.02120993904463208	-0.020079461130031576	0.699722255569539	-0.15529571884362892	-0.035600497999855575	-0.9872263506282287	2.0401893932719983	8.939660500028205	0.08509111828821211	-0.025019469747388428	0.6957126574690259	-0.24374110716301328	-0.12475954562903095	-0.9617823904482442	7.166870061740876	14.220867378463184
1620.0	150.0	0.03241928495229621	-0.027814892138504167	0.6314506036767633	-0.01275278551713288	-0.05341836517883919	-0.9984907437202185	3.0621043492666544	0.7317454515684472	0.09621849082019643	-0.03264261146976845	0.636707987085021	-0.08380859999570738	-0.05720117214449852	-0.9948387327642131	3.279175637292757	4.815421303311798
