500.0	600.0	0.04252268125990511	-0.03881352319310556	0.6407707567958105	0.05484025896281654	0.058768274642007665	-0.9967641692671088	-3.3691153319682487	-3.1491408111846244	0.10563450397951543	-0.04269950869755505	0.6518650153688423	-0.024467344458627416	0.08671386789180689	-0.9959327344204907	-4.97458621897386	1.4073175755326106
500.0	600.0	0.035336751904458896	-0.03837114052330949	0.6441391061881989	0.04572627611417643	0.05489685398674571	-0.9974444754201924	-3.1469400306919226	-2.6247973184494175	0.09866150293875872	-0.04183607521400694	0.6541018245748011	0.05493940167421055	0.07966142003348362	-0.9953068838881658	-4.569104420545258	-3.1594322849863152
500.0	600.0	0.006422045535909372	-0.035089128938982986	0.638427441522462	0.14216090317322952	0.015933256267300203	-0.9897152996352235	-0.9129469688987529	-8.173952612873396	0.06919189447932839	-0.03908947883825051	0.6512815804637286	0.09134135313832566	0.0068329442230429666	-0.9957962204102948	-0.3915019121493612	-5.24090141965622
500.0	600.0	-0.010410347728604608	-0.03476370198793397	0.6328894360373287	0.19093648795454815	-0.008527909149063796	-0.9815653899451091	0.48861912492446696	-11.007846422721117	0.05234174214309961	-0.039023606260648346	0.6457468874153611	0.11127721769863039	0.019122943498936222	-0.9936054380166228	-1.0957307436858066	-6.390119935564631
500.0	600.0	-0.029082606938546633	-0.03274636569711225	0.6327124350355677	0.22348051672913194	0.003047339384827978	-0.9747036584040704	-0.17459995572594844	-12.913603831419492	0.033833516018215874	-0.03710132563137485	0.644707493171238	0.13716600856844527	0.01606556194548079	-0.9904177384736542	-0.9205284962955882	-7.88491282213653
500.0	600.0	-0.02081983818364859	-0.03737956440610676	0.636343037707293	0.12349707941468564	0.04184290830068142	-0.9914624310959689	-2.3981221792679954	-7.1002222457180855	0.04075224274182189	-0.041704560771371704	0.6539912353649959	0.08453097143189028	0.04541842338188057	-0.9953851714619023	-2.6031794830711714	-4.854075704957979
500.0	600.0	-0.027178099354898667	-0.03541653340390137	0.6327517823701907	0.17146999629846288	0.016190705900875298	-0.985056301060397	-0.9276996495049771	-9.874605985532549	0.034757738432129905	-0.040208267849064165	0.6489467477064772	0.10890729081483169	0.08471128493731003	-0.9904358753972335	-4.859422835688088	-6.274974715733816
500.0	600.0	-0.04347620379066661	-0.03628424308548019	0.6414257406590829	0.2252336714788854	0.029127533608001903	-0.9738692543087116	-1.6691208174830396	-13.022242006849005	0.01883640569963355	-0.041230822591010505	0.6560529643642985	0.1610535637742657	0.0665218202908605	-0.984701251256296	-3.8142361794550115	-9.28881085832821
500.0	600.0	-0.06108432444720863	-0.03376233799724351	0.652673692473821	0.24211532015135595	0.08391280176537727	-0.9666120323831942	-4.813509640183795	-14.062032070816139	0.0012355958858375204	-0.03910817360087822	0.6671282832670359	0.2574017438404807	0.14848888027572732	-0.9548274221906633	-8.539365107983452	-15.087108219543286
500.0	600.0	-0.08317658107845799	-0.03009261394280294	0.6618171179826202	0.26736549511649976	0.060751593033143966	-0.9616781503691304	-3.4829545801038932	-15.536979740381065	-0.02102779297699677	-0.03583313158687096	0.6768457645722308	0.23991268251588246	0.0018063209021084714	-0.9707927596957658	-0.10349462041742277	-13.881410395813612
500.0	600.0	-0.09854676694814737	-0.027587409547845228	0.6544233262717312	0.34296168948433453	0.0170666901078239	-0.9391943598158153	-0.9778967896654704	-20.060466135323566	-0.03666891457284872	-0.03387517668858202	0.6703255586125761	0.24500586295290602	0.04137099569906281	-0.9686384955658588	-2.3710601444326276	-14.194587637359621
500.0	600.0	-0.10886738046080352	-0.027019428421763088	0.6522809600229356	0.3752496801654767	-0.0229538776409274	-0.9266394680603547	1.3152758283955897	-22.045859624111316	-0.047141825744497295	-0.03311529016748138	0.6688363817378594	0.3133802852675202	0.04827326398669197	-0.9483999654952457	-2.766929633190771	-18.285131176318735
500.0	600.0	-0.11735739927355379	-0.026475860598022392	0.64880164141945	0.39226011260240434	0.01044560857794579	-0.9197950111101211	-0.5985001700976967	-23.096536945097387	-0.056153833995829606	-0.03269806017986675	0.6671508499385292	0.3339015811503813	-0.0005804145795068674	-0.9426077423855503	0.03325530764078473	-19.50576134145118
500.0	600.0	-0.12560017441899518	-0.026040078551805408	0.649425047327608	0.3860822176894324	0.01124740069721153	-0.9223957849566334	-0.6444421783510622	-22.712459449193812	-0.06421898652108012	-0.0320979451499717	0.6672277900415065	0.34201643565606166	0.02329260490090761	-0.93940520778989	-1.3346886614537874	-20.0054340863939
500.0	600.0	-0.139182231468728	-0.024606654987131507	0.6520915158062355	0.4361996127268553	-0.00320603781275932	-0.8998442173885493	0.18369275031783175	-25.861794482112018	-0.078135372085618	-0.031062440820927996	0.6708768668102638	0.338605360033277	0.008732888087209532	-0.9408879365652294	-0.5003639903989926	-19.79271448941701
500.0	600.0	-0.14112206817150408	-0.030606478482848178	0.653183194768691	0.4685556406455742	0.03334418216327925	-0.882804511576243	-1.9108351096081024	-27.957489322402722	-0.08012991365239555	-0.03700833367245514	0.6721636837209306	0.33092122822376946	0.06328424254507589	-0.9415340184340218	-3.628344618067644	-19.3650594749593
500.0	600.0	-0.13783522703411358	-0.04456270347724654	0.6773622509167203	0.37145504438196386	0.042894614015968176	-0.9274595662869543	-2.4584346389644507	-21.826500331998748	-0.07711157754498951	-0.05181538510491988	0.6968897347676217	0.3231751065280821	0.06045347307523585	-0.9444062733147841	-3.465842111557825	-18.890907422662877
500.0	600.0	-0.13195672422659296	-0.05624779700476645	0.679704358823394	0.3769043932654754	0.056257918349516656	-0.9245421410698774	-3.22504399927077	-22.179051628313463	-0.07099703174394154	-0.0626655535607398	0.6987835075682	0.30149094381452485	0.055355291270933346	-0.9518608224229028	-3.173246554128402	-17.574997960991457
500.0	600.0	-0.13522114946557712	-0.06666310210440439	0.7311131741169945	0.3394218677882141	0.06869452103215197	-0.9381225464228731	-3.9390082717933144	-19.890616961330895	-0.07454808075132383	-0.07395865949770489	0.7507814022714103	0.2807053830789973	0.07460314778793385	-0.9568902343860384	-4.2784204669114025	-16.349140838268774
500.0	600.0	-0.12004763033350302	-0.07205635015934483	0.7324963270255258	0.30665060118904064	0.07652292921798279	-0.9487410127429813	-4.388731233252953	-17.911789784925485	-0.05919165304232519	-0.07820662967746188	0.7519901648570633	0.23095301811017077	0.09040374251603758	-0.9687558451589536	-5.186834519748264	-13.409112328843051
500.0	600.0	-0.10080293591663153	-0.038293211296656776	0.6739416086014172	0.3426218245795255	0.032575946231814625	-0.938908431334445	-1.8667945033722604	-20.047787361564605	-0.03935195298434054	-0.04495759498389633	0.6912808216845457	0.21426795773024337	0.12539519298735508	-0.9686925741141288	-7.203578242962754	-12.472597133619924
500.0	600.0	-0.10012788808854661	-0.022017386424120315	0.6649227533489083	0.339601280083483	0.017555743458548188	-0.9404056821574484	-1.0059216824380133	-19.85577163790596	-0.03837835534975084	-0.02889313564548652	0.6810783995075388	0.26382499115358227	0.019790072589296825	-0.9643675384261586	-1.1339616626149744	-15.300214829030256
500.0	600.0	-0.09832163565145144	-0.01179717227997499	0.6414227521062905	0.3890923485593471	-0.03465805028689034	-0.9205465658090806	1.9861577653121272	-22.91258266134365	-0.03631721287567548	-0.01853885625772162	0.656630870892144	0.23715856876002644	0.010956300442077353	-0.971409145468089	-0.6277623343216531	-13.71973715763384
500.0	600.0	-0.09779375422122781	-0.003259461437225983	0.6387668748558875	0.3703808247810669	-0.05045104777922868	-0.9275088354356128	2.891859774716013	-21.768240476206316	-0.03555582879003983	-0.010013831681967797	0.6529832296712552	0.2505226980998032	-0.026138256618459924	-0.9677578477854261	1.4977823706910856	-14.513511819574882
500.0	600.0	-0.09362467794580792	0.013910896684413745	0.6274718932886814	0.3695903367301366	-0.07315894989448551	-0.9263103603284126	4.195447254744214	-21.751599511885704	-0.031351843277181456	0.006843187086384832	0.6413797028570298	0.21593630576256734	-0.04346785328344707	-0.9754393787478707	2.4913094939345926	-12.482452655738822
500.0	600.0	-0.09277977801545557	0.014437188500056687	0.625716407979539	0.35284321724742396	-0.07966090815329568	-0.9322852805544571	4.5690749984674985	-20.73021570025957	-0.030703256663726725	0.008438774405320048	0.6409417207459165	0.21847351015794084	-0.06937628624545666	-0.9733736437173544	3.9781639591322446	-12.650374298015542
500.0	600.0	-0.09398647193482071	0.012004080026334477	0.6307047251798887	0.3511485574903833	-0.04582147782487571	-0.93519791945122	2.6262968699759255	-20.580176504395773	-0.0317290838625881	0.005448440152631379	0.6449288891232404	0.2620176909823522	0.0021751000771516767	-0.965060688818684	-0.12462415270690037	-15.189854286454636
500.0	600.0	-0.0920218560038263	-0.002678633070528128	0.6387511037225606	0.38283692819971327	0.000650130041519972	-0.9238157126045698	-0.03724971013780975	-22.50952453618738	-0.029846557561862906	-0.008463380152027704	0.6536525999049398	0.28623141037474126	-0.0020723643296020142	-0.9581582848117842	0.11873781469018545	-16.632506601483076
500.0	600.0	-0.09081053333637448	-0.012438504876773632	0.643522662344915	0.34711112617533996	0.01901757098868899	-0.9376311762775662	-1.0896922454447422	-20.314555831634898	-0.028814839939604375	-0.018559382190510208	0.6590260324553606	0.23524413305365532	-0.01635771225846552	-0.9717986854507279	0.9372696763520408	-13.6078692835822
500.0	600.0	-0.09136307465458401	-0.021333387180735183	0.6544290154984993	0.3482152334297055	0.01049670187199694	-0.9373558489855203	-0.6014277607109374	-20.379362035100737	-0.029159860212990496	-0.02679899914041843	0.6693344783446138	0.25372502118608137	0.043514185715561884	-0.9662970963955181	-2.4939666609132027	-14.712299648663818
500.0	600.0	-0.08997865845691598	-0.028743534507356207	0.6537574454609116	0.32284168146963965	-0.008346699962384657	-0.946416207533752	0.4782362337287764	-18.83554535235199	-0.02789047879986921	-0.03419251491444484	0.6691409490610363	0.24587536191714	0.025193134185204104	-0.9689740196881516	-1.44361299774328	-14.238185005877856
500.0	600.0	-0.0802069296512744	-0.030090394855095837	0.6513239996142639	0.3346348753253425	-0.004878073453738287	-0.9423351925328332	0.27949412951659586	-19.550579427327467	-0.017971918079156567	-0.03475191352879822	0.6663692381265203	0.21419130288426308	0.037696791236923786	-0.9760640144550172	-2.160378912271875	-12.377024235292758
500.0	600.0	-0.06886366344282824	-0.03206616871752099	0.6766313727740983	0.2707213489590531	0.023729307626685115	-0.9623652277477575	-1.35971680303929	-15.711734523935624	-0.006759871331763064	-0.03696676979055666	0.6921358475528891	0.19023721014569786	0.041320568575511425	-0.9808681825163188	-2.3681684103509415	-10.976118447631334
500.0	600.0	-0.04392530739850922	-0.03217619923163979	0.6412843471640977	0.21517189285876903	-0.004350231094655065	-0.9765664798396355	0.2492506677923432	-12.425731795692984	0.018456768132060833	-0.03444804802220798	0.6562710405682026	0.20604911505729528	-0.00014825230761137537	-0.978541627391826	0.008494231560322446	-11.890920412220842
500.0	600.0	-0.030175056468048144	-0.0346757351741907	0.6650233926494864	0.22080598957062056	0.01552409880626223	-0.9751942180690798	-0.8895010727265796	-12.757940070404711	0.03229239051490447	-0.03723838005636369	0.679602025721811	0.12714438055662708	0.05698809490777906	-0.9902457551943861	-3.2669472636167374	-7.3165633496793845
500.0	600.0	-0.016205336695243773	-0.036259746180437265	0.6628506122623211	0.18994681376256675	0.013143813432461869	-0.9817064161315574	-0.7531067218806772	-10.950637753351378	0.04624594749469349	-0.03821571572659855	0.6775916064547012	0.1274832449630017	0.03300196703391289	-0.9912915034225457	-1.8912168294460072	-7.3281965942582
500.0	600.0	-0.008119726701161846	-0.036088829362508214	0.6418091218924806	0.13262171172186168	0.04481867962828993	-0.9901529511513338	-2.5687816673093637	-7.6288284921486476	0.05407385047170843	-0.037110013630888145	0.6576899834796188	0.11049073382146095	0.030956711779027996	-0.9933948669755308	-1.7739723477854232	-6.346659644870598
500.0	600.0	0.007004664971650013	-0.038708349218631144	0.6437218879355953	0.13905089235644727	0.01330215171108004	-0.9901959208459155	-0.7621796302116408	-7.993640853250662	0.06993260859923539	-0.038633682523246886	0.6564244057689084	0.039263547627337095	0.042456422477158966	-0.9983265019896891	-2.4333052196945513	-2.25224586069917
500.0	600.0	0.018601664245150414	-0.0405287618435056	0.6488836067951026	0.13230973801999057	0.03605315060010388	-0.990552529999854	-2.0661411377503205	-7.60805910512858	0.08164346141653356	-0.03990470122947617	0.6609926109395319	0.050609704190262256	0.09566365969451471	-0.9941263438368093	-5.4895186875521675	-2.9143390980251294
500.0	600.0	0.023826005334061096	-0.04081966881578895	0.6409773325099017	0.09931069095594589	0.03520852853377568	-0.9944333380665699	-2.0177171083318592	-5.703026286832744	0.08676237006390425	-0.0395675353529676	0.653576212618905	0.012426519615319265	0.0408227625791653	-0.9990891129119134	-2.339622140194577	-0.7125995142740846
500.0	600.0	0.02965603707030855	-0.04212224891675512	0.6430917125621665	0.10811515251732168	0.022994227373768106	-0.9938724252566109	-1.3175883081441493	-6.2083216341085885	0.0925897602739462	-0.04092098493429497	0.6557087277476199	0.0031328045343663458	0.08065618834538567	-0.9967370148828532	-4.6262844481103205	-0.18008349655964911
500.0	600.0	0.03878532195585807	-0.04048859877634121	0.6334484935193156	0.10338470554863871	0.01963455646686045	-0.9944476282734342	-1.125049513455185	-5.935258797934946	0.10250584592606324	-0.0393502525927613	0.6411740754745109	-0.004447976764594103	0.05680712778845424	-0.998375221775411	-3.25656178715723	0.2552633561763786
500.0	600.0	0.048786031754638484	-0.04151535571503112	0.635122268533636	0.0701452463057763	0.021280922523555193	-0.9973097548253829	-1.2193990963263968	-4.023242386236893	0.11263904431952734	-0.03991500419124627	0.6415656593339881	-0.011085375169875983	0.06992375396812464	-0.9974907131000433	-4.009607911459499	0.6367167707610577
500.0	600.0	0.06236596951816223	-0.041508325517787534	0.6350134897507269	0.03576709491067158	0.028780916661265414	-0.998945692239846	-1.649252799333148	-2.0505904835080275	0.1262872007332685	-0.0399081319316756	0.6407407232931532	-0.08809427894582397	0.13255309906609936	-0.9872532834509189	-7.617151165988927	5.099094355305302
500.0	600.0	0.06818361518183258	-0.042534956233580945	0.6388405934554473	0.01907561090687515	0.033452480371647095	-0.9992582906306487	-1.917043603473271	-1.0936304172728013	0.1321124197598687	-0.04165287758550273	0.6446384815277949	-0.06965625110571327	0.09174037857775207	-0.9933436795762437	-5.263737716955034	4.011186601536684
500.0	600.0	0.0734844079118287	-0.04616465891238475	0.6489584029904849	0.007577861321354323	0.006127281423282796	-0.9999525065557571	-0.3510695622009451	-0.43419178143769493	0.13746441817082697	-0.04597260676685203	0.6542316398379507	-0.06755115680801804	0.05904242085844706	-0.9959673408674762	-3.3848500754322086	3.880124887222573
500.0	600.0	0.07596118639278723	-0.058183516026353715	0.6756334163440325	0.028342423769315825	0.1635863339179447	-0.98612175787788	-9.415121574296304	-1.6463021160551763	0.13980629355354157	-0.059972777812037026	0.6821053911208443	-0.06420837954080061	0.2011240613911272	-0.977459179050378	-11.602698775919462	3.758306626138641
500.0	600.0	0.07198608837195102	-0.06837136446447895	0.6808874113310904	0.06242222781866687	0.07563049487495449	-0.9951801378270746	-4.337449895191539	-3.589149987844907	0.13580243516694887	-0.0702701598546084	0.6876070900008326	-0.059496345904901965	0.1387579072473601	-0.9885374967249161	-7.975978072981414	3.4442622061571515
500.0	600.0	0.07111110803887327	-0.0806349784654577	0.7166777405990773	0.01972329765785885	0.09223955912689785	-0.9955415318975236	-5.29246044220164	-1.1349741447500656	0.13481291398869183	-0.08406304342577328	0.7238620229555215	-0.1027772791756848	0.20380136568257834	-0.9736025442254738	-11.75934113377864	6.026047698942957
500.0	600.0	0.05820943317531253	-0.06999939365627907	0.6856737607818236	0.05706116428100641	0.08149989402580274	-0.9950385944440086	-4.674784899532621	-3.282070829446505	0.12192540599009999	-0.072301928371347	0.6931743451436432	-0.054371356105114066	0.11906564324900663	-0.9913965335154976	-6.8381812766124614	3.139139008646015
500.0	600.0	0.05932120507753187	-0.06540513938391271	0.6823243190617918	0.07107309818589957	0.0575175255965366	-0.9958114162201646	-3.297331246450771	-4.082394537345017	0.12303709071403837	-0.06860048717847825	0.6894909984633688	-0.06932522556869719	0.11265206491117792	-0.9912131568673311	-6.468218194821445	4.000739136698111
500.0	600.0	0.06269280968339196	-0.0617702688717066	0.6964403486489876	0.08134964404574505	0.08840891849176118	-0.9927568054032703	-5.072079937582038	-4.68453171206	0.1264578556480792	-0.06546107046977963	0.702896548793235	-0.04321545419904679	0.056649783148905675	-0.9974583789406133	-3.247532062306023	2.480820907624399
500.0	600.0	0.05941805726663857	-0.05489154110539751	0.6706344058740683	0.08777234523199115	0.08032831055658068	-0.992896495888969	-4.607437279890748	-5.051831873401419	0.12314945863299519	-0.058540709648969194	0.6774371753423485	-0.07618694730672268	0.07267870209533937	-0.9944412650644239	-4.167857635556962	4.381032957441666
500.0	600.0	0.06276923282732613	-0.05076461414474459	0.6818105512987132	0.10439975143337785	0.0653387762146957	-0.9923868258279583	-3.7463049401994155	-6.0054644471821526	0.12643533008553642	-0.055180343130813596	0.6887686416292059	-0.02233910886453619	0.12110413279502352	-0.9923883563196102	-6.95582949193471	1.2895360204318131
500.0	600.0	0.059919493926120435	-0.03832691162734454	0.6581726039545704	0.0799333438367246	0.07808761307733757	-0.993736895801044	-4.478650108973713	-4.598806822454716	0.1234645730165681	-0.04215774285605903	0.6664571244055959	-0.05847104395871862	-0.00282460028298135	-0.9982851265197741	0.16183789022711645	3.352069260978166
500.0	600.0	0.055095115236150086	-0.02235506786551229	0.6404141553584157	0.09258067251290779	0.04691582320026474	-0.9945993072667589	-2.689065758960417	-5.317961373216359	0.11856354314952364	-0.0256142558027945	0.649492810314519	-0.0656662255340277	0.03588765263184213	-0.9971961019957266	-2.0566526622272603	3.767537134819647
500.0	600.0	0.05222217904191743	-0.0049458649452109454	0.6248012637036389	0.10059067992669062	-0.013075438353244796	-0.9948419710804965	0.7491887817293507	-5.773680712819283	0.11550826114745162	-0.008453099820320904	0.6349922763559711	-0.07900088057524372	0.016917774287642573	-0.9967309787642814	-0.9693633096082604	4.531788579726512
500.0	600.0	0.05162290297314512	0.0006783239781475037	0.6164546557049984	0.07838164301070873	-0.026112335814145664	-0.9965814119471952	1.4962967109112073	-4.497085066719789	0.1147939906903819	-0.0030214600261484655	0.6272718133057884	-0.06178823919540416	0.02036941148863564	-0.9978813707817537	-1.1671620307230732	3.543198031750879
500.0	600.0	0.05157740806550561	0.007466615192400406	0.5995797362326021	0.07631754903328772	-0.041423171098161314	-0.9962227394061542	2.3740521394136356	-4.38069663730343	0.11537759213462051	0.004336471231269517	0.6059847604438954	-0.06419676669437135	0.04677443358660787	-0.9968405093045802	-2.680955827452168	3.6847734308472444
500.0	600.0	0.057968353942953244	0.012782135336781025	0.6108608581300825	0.06343847649980809	-0.08234367987656857	-0.9945828556678975	4.723293317431798	-3.6496102109864577	0.12150997909917133	0.009323987021998662	0.6193336797591056	-0.08913083369477652	0.006395776899422809	-0.9959994002841758	-0.3664535214287972	5.113711400371331
500.0	600.0	0.05818826654869017	0.010425591581728446	0.6135350388235993	0.06348246680585837	-0.07054655623380138	-0.9954863949307623	4.04538019434746	-3.6488282734834425	0.12163664506411329	0.007261694947538236	0.6227859115105059	-0.09501073996714127	0.014163194256210397	-0.995375512678563	-0.811518388080401	5.452486389721085
500.0	600.0	0.053308167925622915	0.008426944393062094	0.6036563347619297	0.06576271782450342	-0.06479626003164753	-0.9957291939467972	3.715155041323224	-3.778599684736761	0.11677055714192727	0.00603807403738538	0.6130427119650718	-0.07064590164303558	-0.023053148372654368	-0.9972350363777612	1.3209651278336747	4.05216518474603
500.0	600.0	0.04755397706631276	0.007630841593522652	0.6076778472703013	0.04969898103352449	-0.060211041940015905	-0.9969476570058252	3.451926481246745	-2.853897601226603	0.1105576430161764	0.0043311236235163905	0.6195494757101578	-0.026522669165087664	0.005976733255698538	-0.9996303004454542	-0.3424436296052223	1.5198424460306015
500.0	600.0	0.03459203698911827	0.0067611467142749525	0.6013516602977327	0.12167068027846545	-0.0562867726832401	-0.9909733177267068	3.2266998545891625	-6.999684253167816	0.09788578219344594	0.004749166255720133	0.6118939264801833	-0.007236239615222462	0.006740620025153862	-0.9999510913694035	-0.3862120034324166	0.4146190307723285
500.0	600.0	0.022938773858899798	0.004789083098537686	0.6111169733933584	0.17105178665608367	-0.012176946505068384	-0.9851867821959194	0.6977048852053139	-9.84971539232156	0.08602489305440095	0.0017786987417776103	0.6226219625064864	0.09305081505894947	0.024591925090212567	-0.9953575960272253	-1.4091555762566381	-5.340762744854622
500.0	600.0	-0.002223671515650262	0.0032114253056118834	0.6135239202530893	0.21602391576011948	-0.021035889486063546	-0.9761614173839629	1.2053565937890567	-12.478411104075475	0.06106913656735291	-0.0005049407996592682	0.6235983776358629	0.11090561811810597	-0.046766314627352944	-0.9927299868146237	2.680490135731129	-6.374526713087701
500.0	600.0	-0.016620154552887532	0.002302528742835281	0.6162753523065445	0.22850916097079296	-0.033925172500373	-0.9729504570646501	1.944142249705738	-13.217061893293272	0.046492078900614985	-0.0013765297634807903	0.6274376164422519	0.2008752970068054	-0.04018954361086797	-0.9787920433833351	2.3033115647045683	-11.597648966989148
500.0	600.0	-0.03206403429108572	0.0011170439960626818	0.6192619298337105	0.25891643799677505	-0.035191066000427824	-0.9652584737680844	2.0167159584539425	-15.015295865008094	0.03093078388296077	-0.003036528394211254	0.6309103779378649	0.21318674447657593	-0.012064748102021485	-0.9769369670159287	0.6912759179662322	-12.310079391907886
500.0	600.0	-0.04646828255755481	0.0016972424341075336	0.6203952506440256	0.3112103703062371	-0.030240236519160205	-0.9498597808207311	1.7329021075382554	-18.140773567233314	0.016802885116102555	-0.002257885192910817	0.63051463453256	0.24126857649637148	-0.07282226268773441	-0.9677222306623149	4.176104905452378	-13.999349237218311
500.0	600.0	-0.06511029029633314	0.004320888470702262	0.6238080943665674	0.2998978121954973	0.0014650522356439667	-0.9539702416470645	-0.08394133989693159	-17.451484327923595	-0.002090139890218043	-0.0008553205057246632	0.6348965174754042	0.25107119433354924	-0.08611396687381502	-0.9641304931985496	4.940085365371284	-14.596327593773228
500.0	600.0	-0.0920728943959229	0.008688014577758394	0.6401693553364123	0.36406199021860847	-0.059932734617372654	-0.9294444022942521	3.435951796772343	-21.39020478695477	-0.029825190530343396	0.0023970441548201056	0.6545545101224561	0.2713787809150693	-0.030956984145312207	-0.9619746324106855	1.773987960706921	-15.754075785067055
500.0	600.0	-0.10286417488359079	0.01061027343036618	0.6370422485191276	0.41847398414233433	-0.06788115948977921	-0.9056885017765753	3.8922970470484737	-24.799329814621228	-0.04063326155953041	0.0046512707980241545	0.6516398283904155	0.2883852697734385	-0.05269581390912662	-0.9560633433367762	3.020646816382739	-16.78531964377758
500.0	600.0	-0.11376746465864206	0.012087471754743187	0.6442916343283782	0.4222175154204177	-0.06923800084513357	-0.9038465093094263	3.970221691093504	-25.038881488351368	-0.05149604397843955	0.005576602692250727	0.6584748770513216	0.32411959338045643	-0.05202908128389499	-0.9445843349758942	2.9823933720391724	-18.938869549373123
500.0	600.0	-0.12569153942512812	0.009819119590180619	0.64681275253608	0.41747405869262355	-0.08188307579921691	-0.9049920565476804	4.6968132241127805	-24.76393987888433	-0.0636005151006231	0.003224358670110358	0.6617291680022179	0.30431171346087965	-0.020646584074383165	-0.952348789880658	1.1830461907492524	-17.72066125384019
500.0	600.0	-0.12554773031715305	0.006161530479743971	0.6518613428943099	0.43456207862180257	-0.024082611276447344	-0.900319829909548	1.379965397974	-25.765452503682003	-0.0634573496860971	-0.0010771777237040363	0.6664788447415314	0.29088921719438376	0.012250056693015623	-0.9566782515233558	-0.7018941028786922	-16.912507930934932
500.0	600.0	-0.12012590129940653	-0.014271640126374087	0.6599389863079594	0.4037131131998938	-0.0030059867993368974	-0.9148806021827381	0.17223061625277034	-23.81062567877088	-0.05828079527405513	-0.019528167959115682	0.676335248061001	0.3095906161864712	0.0695316859763551	-0.9483243893741233	-3.987089261069631	-18.079824058194585
500.0	600.0	-0.12345968664534321	-0.031609161858970926	0.6769862114131899	0.42950133915344	0.001487057741737234	-0.9030649642786751	-0.0852021638956542	-25.435948965923696	-0.06186247208353653	-0.0353800657400987	0.6946737512580539	0.24675803093944582	0.17260261412549524	-0.9535821247857867	-9.939175150822859	-14.508161613908413
500.0	600.0	-0.1259655095344306	-0.042754801491415695	0.673625675326494	0.3817661328057675	-0.010275502567292732	-0.9242018070215556	0.5887532904712266	-22.444374115258125	-0.06411996410051075	-0.04674269325830992	0.6903741335496886	0.2933883066598651	0.0794787023362469	-0.9526838346917071	-4.558602167891092	-17.116727680684978
500.0	600.0	-0.12431024050398606	-0.04597788989615273	0.6859592517840705	0.33872159368922433	0.016282058856219896	-0.9407457499258224	-0.9329344783426563	-19.801740574131255	-0.06309707857415656	-0.04956428298342107	0.7049690443866652	0.32192392351502064	0.06911687908420595	-0.9442393306641558	-3.96326526035628	-18.826022929592362
500.0	600.0	-0.11959264147526563	-0.043280219568798704	0.6751908749923399	0.3992332448557027	0.01888105393811418	-0.9166549104469041	-1.0818689899096545	-23.534703205423444	-0.05819299484901741	-0.0465916120793559	0.6936409074430014	0.22084088368524393	0.08474869200813799	-0.9716207255727847	-4.861573838085499	-12.805274898353526
500.0	600.0	-0.12101027224191319	-0.025278508650273243	0.6584522214847264	0.1649847056293512	0.09426669031044078	-0.9817810009675333	-5.409114853520102	-9.539218043625347	-0.06027736040433804	-0.030074072230729873	0.6786957788127436	0.16725879961387638	0.0868325631043008	-0.9820817419409157	-4.981412702578001	-9.665333203463542
500.0	600.0	-0.12219090771569438	-0.015725932774821642	0.6457219932944078	0.3594311537340256	0.06138213757741119	-0.9311506269404277	-3.5191496736138785	-21.106963786900405	-0.06078336516140348	-0.021436593476426277	0.6635485940755915	0.28403769244704025	-0.008525358843313471	-0.9587752313728234	0.4884729978564351	-16.501951973826543
500.0	600.0	-0.12418022929210723	0.001689733306362102	0.6381509596794637	0.41181688539240796	-0.05631070493715305	-0.9095250805767363	3.2280732499813327	-24.3601774879159	-0.06274998543615225	-0.006120336709200747	0.6550806250561778	0.3172101291109387	-0.017691139227223464	-0.9481902189241359	1.0136804935343673	-18.49728934119263
500.0	600.0	-0.11807653982095159	0.014093131873168425	0.6346786707167038	0.33268623786663815	-0.05024901080959028	-0.9416978458843304	2.8802692079366286	-19.457470101260686	-0.056751437103980854	0.006735103086128092	0.652182293562837	0.309667807035542	-0.006261465948780581	-0.9508241441950557	0.3587579166972186	-18.03957878872763
500.0	600.0	-0.1160101890659318	0.02016596359600894	0.6304622308421419	0.3668364754308207	-0.10963161787030108	-0.9238030122434018	6.2940803966644285	-21.657721544196413	-0.054993862833743606	0.012801194769868886	0.6490109164258241	0.29193729804926105	-0.06857657313047877	-0.953975755256774	3.9322343806328233	-17.01524842830558
500.0	600.0	-0.1143383787984745	0.02249466285412807	0.6336396277325236	0.3837115011496206	-0.07829807952701552	-0.9201276704361644	4.490745982806735	-22.637105117903843	-0.05295498591032697	0.015020090777153893	0.6508876848237741	0.28717266693147975	-0.06612566971917899	-0.9555936508475537	3.7914883363012923	-16.726445569614413
500.0	600.0	-0.10871429724809989	0.014097746176675956	0.636973061393385	0.35998655085885634	-0.01512289708762965	-0.932834918388047	0.8665112080824213	-21.101898540347754	-0.04739122805199003	0.007479842525368607	0.654776717176643	0.30736796783354414	-0.038366056090575446	-0.9508170290884645	2.198752726259367	-17.914319127004703
500.0	600.0	-0.10145536427406014	-0.0022527600137406227	0.6509303077096298	0.33318826371367277	0.05827723063895555	-0.9410576270691319	-3.3409322791110934	-19.496877279488714	-0.040820611869490625	-0.008287380847073025	0.6711366378032431	0.21492347358498035	0.05964762476623336	-0.9748076989754301	-3.41958692825666	-12.43352894129044
500.0	600.0	-0.08531445166701662	-0.027868460701212357	0.6657906477051524	0.2751023540800548	0.07748541014882229	-0.9582873580749852	-4.4440415596696825	-16.017560205617915	-0.025378726156863762	-0.03225574046970517	0.688368207525075	0.16560212651741746	0.13500464918593919	-0.9769081959382419	-7.758888728472714	-9.621122667707859
500.0	600.0	-0.07208142428420028	-0.04719385964893423	0.7035794249951733	0.18166100386366604	0.13864703502259812	-0.9735380139149706	-7.969563560379872	-10.56976461786367	-0.010846661846764602	-0.05186059222264946	0.7222826626810352	0.14549966799759598	0.14424614579920542	-0.9787864694123859	-8.29362760677647	-8.45527864340421
500.0	600.0	-0.009435442541343571	-0.06848172320325452	0.6694718941717983	0.07414909166334846	0.08464022288335928	-0.9936488202043035	-4.855336604454424	-4.26767509040964	0.05258741720668671	-0.06768598371169582	0.6860193196801769	0.19691460111842918	0.16092658757158862	-0.9671232087609163	-9.260682756889194	-11.508599064557416
500.0	600.0	0.026950642142684028	-0.06890363593459115	0.673081508553018	-0.024969306541941662	0.0790834763116592	-0.996555188216454	-4.5358858805294275	1.4352808906830334	0.08871134409506848	-0.06438063830775778	0.6900061595223583	0.08143550312160072	0.14520236707128004	-0.9860449325847698	-8.348997990190552	-4.721230539842428
500.0	600.0	0.03872719678464204	-0.06829099220309522	0.6729631382802359	-0.02277615246521974	0.057189598444289634	-0.9981034805630534	-3.278511425805936	1.3072301558911976	0.1003287719403618	-0.06380781327539922	0.6904683566066113	-0.021617264295087882	0.13167386912744417	-0.99105742534887	-7.566329527426261	1.2495558823923183
500.0	600.0	0.05963053513997443	-0.06503227247601326	0.6633879921675527	-0.065785918397143	0.06135727399882955	-0.9959454620317739	-3.5177224052439207	3.7791104540556395	0.1218268490854133	-0.059326626465937796	0.6782321748269555	-0.00025997089105730953	0.152605557630639	-0.9882870899682706	-8.777952754766646	0.015071768782036884
500.0	600.0	0.06941878995623443	-0.06234165216412071	0.6598124764001088	-0.050533728918727726	0.056783040484671726	-0.9971068121984071	-3.255179455028159	2.901288257794269	0.13194921582741564	-0.05586349704358261	0.6728226635709589	-0.08240630434810889	0.1286762771440787	-0.9882568826939955	-7.393106135569891	4.766610573430859
500.0	600.0	0.07553090988027199	-0.05150597896331545	0.656645792469166	-0.0872340280459643	0.09208466841665719	-0.9919226705193092	-5.283547926683695	5.025911480662645	0.1383229481525043	-0.04695085630487246	0.6692035156227736	-0.08972190343052451	0.12718710915983755	-0.9878124505355274	-7.307076176887695	5.189871080062951
500.0	600.0	0.08105469297862825	-0.03335535373069057	0.6547742458080592	-0.04832113605329115	0.08865031925176833	-0.9948900316746379	-5.085965704177278	2.7806321544655255	0.14416728297534748	-0.0290569961698662	0.6657109148531991	-0.1556483783557328	0.10034358611833341	-0.9827027392762885	-5.758956030086081	9.000202198751198
500.0	600.0	0.08170976814773802	-0.019865296894180012	0.6624268907495274	-0.13537088479972237	0.09905243690531544	-0.9858312857832742	-5.684608204046257	7.81875659964526	0.1449950442203643	-0.016512427744234705	0.6726747063456638	-0.043792786092905545	0.16712589927482446	-0.9849625572562614	-9.62075460836038	2.5457723113771094
500.0	600.0	0.07969835178560626	-0.003662136600330823	0.646262288755356	-0.051026297381011596	-0.004164839255115791	-0.9986885882474943	0.23862840154211065	2.9248871561613115	0.14298973762057116	0.0012464678732853063	0.6558221896350094	-0.16387593114633575	0.04095082493325063	-0.9856306413057042	-2.3469657134062074	9.439931914254315
500.0	600.0	0.07868687089915899	-0.0003517513973562165	0.6419679584261504	-0.10897166774700774	-0.0037091384407536114	-0.9940379033953194	0.21251846558131443	6.25608353509288	0.14170337438235173	0.005814176369813645	0.6525598065717952	-0.16680477581829808	0.00028233185540355726	-0.9859898763109707	-0.016176423951628896	9.602094273987754
500.0	600.0	0.07627807577258186	0.0007587270330556856	0.6465832308331123	-0.04578777814528466	-0.0389547126580341	-0.9981913283090523	2.232505496952248	2.62635896178027	0.13947301250829103	0.005358826227590416	0.6569043103303234	-0.14161967924470775	0.0028795963739885067	-0.9899170269204035	-0.1649889469480472	8.141614340835432
500.0	600.0	0.016245799545208432	-0.0516526331219256	0.6455406117858735	-0.033331302452657335	0.055711677903008336	-0.9978903697292374	-3.1936975636099656	1.9130690802395658	0.08010090629312062	-0.05458693332409892	0.6514736420532719	0.060128084782003	0.09298808301728753	-0.9938500041981573	-5.335532823632522	-3.4621837974331986
500.0	600.0	0.017500655975605923	-0.05273147334389943	0.6336894569326885	0.023238049438684488	0.055005522159446374	-0.9982155949277645	-3.1531756801628257	-1.3335813642072376	0.08105109735860477	-0.057332093130021106	0.6415291840470193	0.02765744718181562	0.09880562519231242	-0.9947222899772832	-5.670397222426928	-1.5926523911080386
500.0	600.0	0.03468319616482593	-0.03815009735747976	0.6722308373462046	0.09643762234138864	0.023293040785015456	-0.9950664650615166	-1.3347136425512605	-5.535575923407059	0.09801790133733417	-0.04401005246275303	0.680929209061258	-0.040115703830962746	0.1236752732073417	-0.9915115359847526	-7.104260918669266	2.31687430739172
500.0	600.0	0.016572641321483762	-0.04254324349571449	0.6365983755471599	0.007148247913191054	0.00164861598842167	-0.999973126977855	-0.09445878096318262	-0.4095684666212683	0.08023045683711678	-0.0482234760584751	0.6426566843398995	0.05946573010910866	0.044120619395448896	-0.997254852007753	-2.5287461556052597	-3.4124734849798113
500.0	600.0	0.00812542591034351	-0.04783458580133902	0.6363756634346391	-0.02787834280669785	0.05685858385418705	-0.9979929177595837	-3.2595147754485594	1.6001076473823472	0.07119065052599978	-0.05414266377951682	0.6465869914587333	0.03491250001458872	0.10827908341706431	-0.9935073368652311	-6.21612175917627	-2.0125831537331886
500.0	600.0	-0.0030174794588698553	-0.05284603825342881	0.6316891394165804	0.21537161906098087	0.03942589278190112	-0.975735941019384	-2.2595228853951252	-12.447163219494355	0.0602691292155865	-0.0575312590635971	0.641391690218498	0.10389403414377694	0.06662258202579935	-0.9923544881921242	-3.820022237336595	-5.976778112042506
500.0	600.0	-0.009045411112698343	-0.054514164091760214	0.6372802369347733	0.19040561326975353	0.007752897265777339	-0.9816749069874268	-0.4442127424833649	-10.976790104126215	0.05404043416593953	-0.0603387338480655	0.6476502001097946	0.10430008831323533	0.05716072202939265	-0.9929018909061372	-3.276854218182509	-5.99668360840439
500.0	600.0	-0.0019483995407604936	-0.04316955750521677	0.6862624166681393	0.22857206533214403	0.01554898514594582	-0.9734027817605346	-0.8909271270818522	-13.21464476236866	0.061497300447444544	-0.04685203052269185	0.6953381077768013	0.09955665368392728	0.057636579037650904	-0.9933612292748222	-3.304163840994084	-5.723186846886086
500.0	600.0	-0.007379424339722489	-0.04655561830188547	0.6472994801371972	0.18755854723423376	0.005272266797464509	-0.9822392298191959	-0.3020800354489397	-10.810490521829902	0.0556192170884716	-0.049825468051916365	0.6592059861079533	0.08196345645489973	0.03262061516505795	-0.9961013578102239	-1.869355205646763	-4.703943208888086
500.0	600.0	0.006718054316295869	-0.04308150763966255	0.7073510190456782	0.16232024308163878	0.04073277925969679	-0.9858970428468732	-2.3344621839195363	-9.349426002124515	0.07060021662523448	-0.04746684271113995	0.7119470824332843	0.060504207066761476	0.04081239372915323	-0.9973331906449596	-2.3390275533309386	-3.4716504788217293
500.0	600.0	-0.002543962755362417	-0.045140503409690044	0.7062727967605027	0.21096850322074384	0.06726013346494872	-0.9751760773655568	-3.856633366652079	-12.207182947185416	0.061121762421010827	-0.05129918936163447	0.7117529106944858	0.17594437679234878	0.05136693360435368	-0.9830590457096313	-2.9444043035332434	-10.147156640941516
500.0	375.0	0.035661191504320934	-0.022763829703814464	0.7041329550775723	0.1804379286030531	-0.04082208273897944	-0.9827388490693549	2.339583155724411	-10.40403823752917	0.09969806066199174	-0.027204151788751275	0.7050541238367976	0.05212207837817437	-0.011855467112135087	-0.9985702990681916	0.6792841427840651	-2.987939272709559
